171.1882939338684
171.1882939338684
171.18829917907715
171.18829917907715
171.18829917907715
171.18829917907715
171.18829917907715
171.18829917907715
171.18829917907715
171.18829917907715
171.18829917907715
171.18829917907715
171.18829917907715
171.18829917907715
171.18829917907715
171.18829917907715
171.18829917907715
171.18829917907715
171.18829917907715
171.18829917907715
171.1883044242859
171.1883044242859
171.1883044242859
171.1883044242859
171.1883044242859
171.1883044242859
171.1883044242859
171.1883044242859
171.1883044242859
171.1883044242859
171.1883044242859
171.1883044242859
171.1883044242859
171.1883044242859
171.1883044242859
171.1883044242859
171.1883044242859
171.1883044242859
171.1883044242859
171.1883044242859
171.1883044242859
171.1883044242859
171.1883044242859
171.1883044242859
171.1883044242859
171.1883044242859
171.1883044242859
171.1883044242859
171.1883044242859
171.1883044242859
171.1883044242859
171.1883044242859
171.1883044242859
171.1883044242859
171.1883044242859
171.1883044242859
171.1883044242859
171.1883044242859
171.1883044242859
171.1883044242859
171.1883044242859
171.18830966949463
171.18830966949463
171.18830966949463
171.18830966949463
171.18830966949463
171.18830966949463
171.18830966949463
171.18830966949463
171.18830966949463
171.18830966949463
171.18830966949463
171.18830966949463
171.18830966949463
171.18830966949463
171.18830966949463
171.18830966949463
171.18830966949463
171.18830966949463
171.18830966949463
171.18830966949463
171.18830966949463
171.18830966949463
171.18830966949463
171.18830966949463
171.18830966949463
171.18830966949463
171.18830966949463
171.18830966949463
171.18830966949463
171.18830966949463
171.18830966949463
171.18830966949463
171.18830966949463
171.18830966949463
171.18830966949463
171.18830966949463
171.18830966949463
171.18830966949463
171.18830966949463
171.18830966949463
171.18830966949463
171.18830966949463
171.18830966949463
171.18830966949463
171.18830966949463
171.18830966949463
171.18830966949463
171.18830966949463
171.18830966949463
171.18830966949463
171.18830966949463
171.18830966949463
171.18830966949463
171.18831491470337
171.18831491470337
171.18831491470337
171.18831491470337
171.18831491470337
171.18831491470337
171.18831491470337
171.18832063674927
171.18834733963013
171.1884970664978
171.1884970664978
171.1884970664978
171.1884970664978
171.1884970664978
171.1884970664978
171.1884970664978
171.18852376937866
171.18852376937866
171.18852376937866
171.18852376937866
171.18852376937866
171.18852376937866
171.18852376937866
171.18852376937866
171.18852376937866
171.18852376937866
171.18852376937866
171.18854522705078
171.18856620788574
171.18856620788574
171.18856620788574
171.18856620788574
171.18856620788574
171.18856620788574
171.18856620788574
171.18858242034912
171.18860912322998
171.18860912322998
171.18860912322998
171.18860912322998
171.18860912322998
171.18860912322998
171.18860912322998
171.18860912322998
171.18860912322998
171.18862009048462
171.18864679336548
171.18864679336548
171.18864679336548
171.18864679336548
171.18864679336548
171.18864679336548
171.18864679336548
171.18864679336548
171.18864679336548
171.18864679336548
171.18864679336548
171.1888337135315
171.19018650054932
171.19018650054932
171.19018650054932
171.19018650054932
171.19018650054932
171.19018650054932
171.19018650054932
171.19018650054932
171.19018650054932
171.19018650054932
171.19018650054932
171.19518518447876
171.2049160003662
171.2049160003662
171.2049160003662
171.2049160003662
171.2049160003662
171.2049160003662
171.2049160003662
171.2049160003662
171.2049160003662
171.2049160003662
171.2049160003662
171.21890783309937
171.23882389068604
171.23882389068604
171.23882389068604
171.23882389068604
171.23882389068604
171.23882389068604
171.23882389068604
171.23882389068604
171.23882389068604
171.278302192688
171.3115735054016
171.3115735054016
171.3115735054016
171.3115735054016
171.3115735054016
171.3115735054016
171.3115735054016
171.3115735054016
171.3115735054016
171.3115735054016
171.3115735054016
171.3115735054016
171.3115735054016
171.35337829589844
171.39758825302124
171.4471936225891
171.4471936225891
171.4471936225891
171.4471936225891
171.4471936225891
171.4471936225891
171.4471936225891
171.4471936225891
171.4471936225891
171.4471936225891
171.50221967697144
171.50221967697144
171.50221967697144
171.50221967697144
171.50221967697144
171.50221967697144
171.50221967697144
171.50221967697144
171.50221967697144
171.50221967697144
171.50221967697144
171.50221967697144
171.50221967697144
171.56233596801758
171.62237739562988
171.69296216964722
171.69296216964722
171.69296216964722
171.69296216964722
171.69296216964722
171.69296216964722
171.69296216964722
171.69296216964722
171.69296216964722
171.69296216964722
171.69296216964722
171.76883459091187
171.85040092468262
171.85040092468262
171.85040092468262
171.85040092468262
171.85040092468262
171.85040092468262
171.85040092468262
171.85040092468262
171.85040092468262
171.85040092468262
171.85040092468262
171.85040092468262
171.85040092468262
171.9368486404419
172.02916193008423
172.02916193008423
172.02916193008423
172.02916193008423
172.02916193008423
172.02916193008423
172.02916193008423
172.02916193008423
172.02916193008423
172.02916193008423
172.02916193008423
172.12678384780884
172.22972011566162
172.22972011566162
172.22972011566162
172.22972011566162
172.22972011566162
172.22972011566162
172.22972011566162
172.22972011566162
172.22972011566162
172.22972011566162
172.22972011566162
172.3378963470459
172.45157957077026
172.45157957077026
172.45157957077026
172.45157957077026
172.45157957077026
172.45157957077026
172.45157957077026
172.45157957077026
172.45157957077026
172.45157957077026
172.45157957077026
172.57071590423584
172.6951241493225
172.6951241493225
172.6951241493225
172.6951241493225
172.6951241493225
172.6951241493225
172.6951241493225
172.6951241493225
172.6951241493225
172.6951241493225
172.6951241493225
172.82510328292847
172.96035385131836
172.96035385131836
172.96035385131836
172.96035385131836
172.96035385131836
172.96035385131836
172.96035385131836
172.96035385131836
172.96035385131836
172.96035385131836
172.96035385131836
172.96035385131836
172.96035385131836
172.96035385131836
173.10110664367676
173.24747276306152
173.24747276306152
173.24747276306152
173.24747276306152
173.24747276306152
173.24747276306152
173.24747276306152
173.24747276306152
173.24747276306152
173.24747276306152
173.3988380432129
173.55598831176758
173.71807289123535
173.71807289123535
173.71807289123535
173.71807289123535
173.71807289123535
173.71807289123535
173.71807289123535
173.71807289123535
173.71807289123535
173.71807289123535
173.88599109649658
173.88599109649658
173.88599109649658
173.88599109649658
173.88599109649658
173.88599109649658
173.88599109649658
173.88599109649658
173.88599109649658
173.88599109649658
173.88599109649658
173.88599109649658
173.88599109649658
173.88599109649658
173.88599109649658
174.0729160308838
174.23509693145752
174.41447257995605
174.41447257995605
174.41447257995605
174.41447257995605
174.41447257995605
174.41447257995605
174.41447257995605
174.59533977508545
174.59533977508545
174.59533977508545
174.59533977508545
174.59533977508545
174.59533977508545
174.59533977508545
174.59533977508545
174.59533977508545
174.59533977508545
174.59533977508545
174.59533977508545
174.59533977508545
174.59533977508545
174.77699375152588
174.95859813690186
175.14032649993896
175.14032649993896
175.14032649993896
175.14032649993896
175.14032649993896
175.14032649993896
175.14032649993896
175.14032649993896
175.32186222076416
175.32186222076416
175.32186222076416
175.32186222076416
175.32186222076416
175.32186222076416
175.32186222076416
175.32186222076416
175.32186222076416
175.32186222076416
175.32186222076416
175.32186222076416
175.32186222076416
175.32186222076416
175.32186222076416
175.50361728668213
175.685302734375
175.86704635620117
175.86704635620117
175.86704635620117
175.86704635620117
175.86704635620117
175.86704635620117
175.86704635620117
175.86704635620117
175.86704635620117
175.86704635620117
175.86704635620117
175.86704635620117
175.86704635620117
175.86704635620117
175.86704635620117
175.86704635620117
175.86704635620117
175.86704635620117
175.86704635620117
175.86704635620117
175.86704635620117
175.86704635620117
176.04864120483398
176.23025131225586
176.4119577407837
176.59353160858154
176.59353160858154
176.59353160858154
176.59353160858154
176.59353160858154
176.59353160858154
176.59353160858154
176.59353160858154
176.59353160858154
176.59353160858154
176.59353160858154
176.59353160858154
176.59353160858154
176.59353160858154
176.59353160858154
176.59353160858154
176.59353160858154
176.59353160858154
176.59353160858154
176.59353160858154
176.59353160858154
176.7751522064209
176.9414987564087
177.13838958740234
177.31999492645264
177.31999492645264
177.31999492645264
177.31999492645264
177.31999492645264
177.31999492645264
177.31999492645264
177.31999492645264
177.31999492645264
177.31999492645264
177.31999492645264
177.31999492645264
177.31999492645264
177.31999492645264
177.5017604827881
177.68337631225586
177.8650827407837
177.8650827407837
177.8650827407837
177.8650827407837
177.8650827407837
177.8650827407837
177.8650827407837
177.8650827407837
177.8650827407837
177.8650827407837
177.8650827407837
177.8650827407837
177.8650827407837
177.8650827407837
177.8650827407837
177.8650827407837
177.8650827407837
177.8650827407837
177.8650827407837
177.8650827407837
177.8650827407837
177.8650827407837
178.04668807983398
178.22837829589844
178.42510890960693
178.6067247390747
178.6067247390747
178.6067247390747
178.6067247390747
178.6067247390747
178.6067247390747
178.6067247390747
178.6067247390747
178.6067247390747
178.6067247390747
178.6067247390747
178.6067247390747
178.6067247390747
178.6067247390747
178.6067247390747
178.6067247390747
178.6067247390747
178.6067247390747
178.6067247390747
178.6067247390747
178.6067247390747
178.77318859100342
178.95487880706787
179.13650035858154
179.3181858062744
179.3181858062744
179.3181858062744
179.3181858062744
179.3181858062744
179.3181858062744
179.3181858062744
179.3181858062744
179.3181858062744
179.3181858062744
179.3181858062744
179.48468685150146
179.6815299987793
179.6815299987793
179.6815299987793
179.6815299987793
179.6815299987793
179.6815299987793
179.6815299987793
179.6815299987793
179.6815299987793
179.6815299987793
179.6815299987793
179.8632574081421
180.04480361938477
180.04480361938477
180.04480361938477
180.04480361938477
180.04480361938477
180.04480361938477
180.04480361938477
180.04480361938477
180.04480361938477
180.04480361938477
180.04480361938477
180.22644138336182
180.46853733062744
180.46853733062744
180.46853733062744
180.46853733062744
180.46853733062744
180.46853733062744
180.46853733062744
180.46853733062744
180.46853733062744
180.46853733062744
180.46853733062744
180.63519859313965
180.81672859191895
180.81672859191895
180.81672859191895
180.81672859191895
180.81672859191895
180.81672859191895
180.81672859191895
180.81672859191895
180.81672859191895
180.81672859191895
180.81672859191895
180.99838161468506
181.17993354797363
181.17993354797363
181.17993354797363
181.17993354797363
181.17993354797363
181.17993354797363
181.17993354797363
181.17993354797363
181.17993354797363
181.17993354797363
181.17993354797363
181.36165618896484
181.54331016540527
181.54331016540527
181.54331016540527
181.54331016540527
181.54331016540527
181.54331016540527
181.54331016540527
181.54331016540527
181.54331016540527
181.54331016540527
181.54331016540527
181.54331016540527
181.72497940063477
181.90650367736816
181.90650367736816
181.90650367736816
181.90650367736816
181.90650367736816
181.90650367736816
181.90650367736816
181.90650367736816
181.90650367736816
181.90650367736816
181.90650367736816
181.90650367736816
181.90650367736816
181.90650367736816
182.0881576538086
182.26980590820312
182.45147514343262
182.45147514343262
182.45147514343262
182.45147514343262
182.45147514343262
182.45147514343262
182.45147514343262
182.45147514343262
182.45147514343262
182.45147514343262
182.63314819335938
182.63314819335938
182.63314819335938
182.63314819335938
182.63314819335938
182.63314819335938
182.63314819335938
182.63314819335938
182.63314819335938
182.63314819335938
182.63314819335938
182.63314819335938
182.81470680236816
182.98129844665527
183.178071975708
183.178071975708
183.178071975708
183.178071975708
183.178071975708
183.178071975708
183.178071975708
183.178071975708
183.178071975708
183.178071975708
183.35976791381836
183.35976791381836
183.35976791381836
183.35976791381836
183.35976791381836
183.35976791381836
183.35976791381836
183.35976791381836
183.35976791381836
183.35976791381836
183.35976791381836
183.35976791381836
183.35976791381836
183.54133987426758
183.72303581237793
183.90459442138672
183.90459442138672
183.90459442138672
183.90459442138672
183.90459442138672
183.90459442138672
183.90459442138672
183.90459442138672
183.90459442138672
183.90459442138672
183.90459442138672
184.0863380432129
184.26797485351562
184.26797485351562
184.26797485351562
184.26797485351562
184.26797485351562
184.26797485351562
184.26797485351562
184.26797485351562
184.26797485351562
184.26797485351562
184.26797485351562
184.44968605041504
184.61614990234375
184.61614990234375
184.61614990234375
184.61614990234375
184.61614990234375
184.61614990234375
184.61614990234375
184.61614990234375
184.61614990234375
184.61614990234375
184.61614990234375
184.81298828125
184.99447059631348
184.99447059631348
184.99447059631348
184.99447059631348
184.99447059631348
184.99447059631348
184.99447059631348
184.99447059631348
184.99447059631348
184.99447059631348
184.99447059631348
185.17616653442383
185.3727684020996
185.3727684020996
185.3727684020996
185.3727684020996
185.3727684020996
185.3727684020996
185.3727684020996
185.3727684020996
185.3727684020996
185.3727684020996
185.3727684020996
185.53956413269043
185.72109413146973
185.72109413146973
185.72109413146973
185.72109413146973
185.72109413146973
185.72109413146973
185.72109413146973
185.72109413146973
185.72109413146973
185.72109413146973
185.72109413146973
185.90285873413086
186.08433723449707
186.08433723449707
186.08433723449707
186.08433723449707
186.08433723449707
186.08433723449707
186.08433723449707
186.08433723449707
186.08433723449707
186.08433723449707
186.08433723449707
186.08433723449707
186.08433723449707
186.08433723449707
186.26615524291992
186.44773864746094
186.44773864746094
186.44773864746094
186.44773864746094
186.44773864746094
186.44773864746094
186.44773864746094
186.44773864746094
186.44773864746094
186.44773864746094
186.44773864746094
186.44773864746094
186.6294822692871
186.8109073638916
186.99263954162598
186.99263954162598
186.99263954162598
186.99263954162598
186.99263954162598
186.99263954162598
186.99263954162598
186.99263954162598
186.99263954162598
186.99263954162598
187.17420768737793
187.17420768737793
187.17420768737793
187.17420768737793
187.17420768737793
187.17420768737793
187.17420768737793
187.17420768737793
187.17420768737793
187.17420768737793
187.17420768737793
187.17420768737793
187.17420768737793
187.35593032836914
187.53743934631348
187.70397758483887
187.70397758483887
187.70397758483887
187.70397758483887
187.70397758483887
187.70397758483887
187.70397758483887
187.70397758483887
187.70397758483887
187.70397758483887
187.70397758483887
187.87040519714355
188.05218124389648
188.05218124389648
188.05218124389648
188.05218124389648
188.05218124389648
188.05218124389648
188.05218124389648
188.05218124389648
188.05218124389648
188.05218124389648
188.05218124389648
188.23372077941895
188.40028762817383
188.40028762817383
188.40028762817383
188.40028762817383
188.40028762817383
188.40028762817383
188.40028762817383
188.40028762817383
188.40028762817383
188.40028762817383
188.40028762817383
188.40028762817383
188.40028762817383
188.40028762817383
188.40028762817383
188.58187103271484
188.7636318206787
188.94520950317383
188.94520950317383
188.94520950317383
188.94520950317383
188.94520950317383
188.94520950317383
188.94520950317383
189.11175918579102
189.11175918579102
189.11175918579102
189.11175918579102
189.11175918579102
189.11175918579102
189.11175918579102
189.11175918579102
189.11175918579102
189.11175918579102
189.11175918579102
189.11175918579102
189.30853271484375
189.4902286529541
189.4902286529541
189.4902286529541
189.4902286529541
189.4902286529541
189.4902286529541
189.4902286529541
189.4902286529541
189.4902286529541
189.4902286529541
189.67190170288086
189.85349655151367
189.85349655151367
189.85349655151367
189.85349655151367
189.85349655151367
189.85349655151367
189.85349655151367
189.85349655151367
189.85349655151367
189.85349655151367
189.85349655151367
189.85349655151367
189.85349655151367
189.85349655151367
190.03517723083496
190.2168140411377
190.2168140411377
190.2168140411377
190.2168140411377
190.2168140411377
190.2168140411377
190.2168140411377
190.2168140411377
190.2168140411377
190.2168140411377
190.2168140411377
190.2168140411377
190.39856338500977
190.58009338378906
190.76177406311035
190.76177406311035
190.76177406311035
190.76177406311035
190.76177406311035
190.76177406311035
190.76177406311035
190.76177406311035
190.76177406311035
190.76177406311035
190.92813110351562
190.92813110351562
190.92813110351562
190.92813110351562
190.92813110351562
190.92813110351562
190.92813110351562
190.92813110351562
190.92813110351562
190.92813110351562
190.92813110351562
190.92813110351562
190.92813110351562
190.92813110351562
191.0947971343994
191.27630043029785
191.4428997039795
191.4428997039795
191.4428997039795
191.4428997039795
191.4428997039795
191.4428997039795
191.4428997039795
191.4428997039795
191.4428997039795
191.4428997039795
191.62453651428223
191.82152366638184
191.82152366638184
191.82152366638184
191.82152366638184
191.82152366638184
191.82152366638184
191.82152366638184
191.82152366638184
191.82152366638184
191.82152366638184
191.82152366638184
191.9878101348877
192.16964530944824
192.16964530944824
192.16964530944824
192.16964530944824
192.16964530944824
192.16964530944824
192.16964530944824
192.16964530944824
192.16964530944824
192.16964530944824
192.16964530944824
192.16964530944824
192.16964530944824
192.16964530944824
192.16964530944824
192.35104751586914
192.53295135498047
192.71431159973145
192.71431159973145
192.71431159973145
192.71431159973145
192.71431159973145
192.71431159973145
192.71431159973145
192.9112491607666
192.9112491607666
192.9112491607666
192.9112491607666
192.9112491607666
192.9112491607666
192.9112491607666
192.9112491607666
192.9112491607666
192.9112491607666
192.9112491607666
192.9112491607666
192.9112491607666
192.9112491607666
192.9112491607666
192.9112491607666
193.0775375366211
193.25949478149414
193.44091415405273
193.44091415405273
193.44091415405273
193.44091415405273
193.44091415405273
193.44091415405273
193.44091415405273
193.44091415405273
193.44091415405273
193.44091415405273
193.62267303466797
193.80401229858398
193.80401229858398
193.80401229858398
193.80401229858398
193.80401229858398
193.80401229858398
193.80401229858398
193.80401229858398
193.80401229858398
193.80401229858398
193.80401229858398
193.80401229858398
193.98580932617188
194.16743087768555
194.16743087768555
194.16743087768555
194.16743087768555
194.16743087768555
194.16743087768555
194.16743087768555
194.16743087768555
194.16743087768555
194.16743087768555
194.34914779663086
194.53075218200684
194.53075218200684
194.53075218200684
194.53075218200684
194.53075218200684
194.53075218200684
194.53075218200684
194.53075218200684
194.53075218200684
194.53075218200684
194.53075218200684
194.7123737335205
194.9850616455078
194.9850616455078
194.9850616455078
194.9850616455078
194.9850616455078
194.9850616455078
194.9850616455078
195.4388370513916
195.4388370513916
195.4388370513916
195.4388370513916
195.4388370513916
195.4388370513916
195.77195167541504
195.77195167541504
195.77195167541504
195.77195167541504
195.77195167541504
195.77195167541504
195.77195167541504
195.77195167541504
195.77195167541504
196.21088409423828
196.39276313781738
196.39276313781738
196.39276313781738
196.39276313781738
196.39276313781738
196.39276313781738
196.39276313781738
196.39276313781738
196.39276313781738
196.57412719726562
196.57412719726562
196.57412719726562
196.57412719726562
196.57412719726562
196.57412719726562
196.57412719726562
196.57412719726562
196.57412719726562
196.57412719726562
196.57412719726562
196.57412719726562
196.57412719726562
196.7560749053955
196.9374599456787
197.11913681030273
197.11913681030273
197.11913681030273
197.11913681030273
197.11913681030273
197.11913681030273
197.11913681030273
197.11913681030273
197.11913681030273
197.3006820678711
197.3006820678711
197.3006820678711
197.3006820678711
197.3006820678711
197.3006820678711
197.3006820678711
197.3006820678711
197.3006820678711
197.3006820678711
197.3006820678711
197.3006820678711
197.3006820678711
197.3006820678711
197.4823989868164
197.66424560546875
197.84569931030273
197.84569931030273
197.84569931030273
197.84569931030273
197.84569931030273
197.84569931030273
197.84569931030273
197.84569931030273
198.02739715576172
198.02739715576172
198.02739715576172
198.02739715576172
198.02739715576172
198.02739715576172
198.02739715576172
198.02739715576172
198.02739715576172
198.02739715576172
198.02739715576172
198.02739715576172
198.02739715576172
198.02739715576172
198.02739715576172
198.20894241333008
198.39085388183594
198.58735275268555
198.58735275268555
198.58735275268555
198.58735275268555
198.58735275268555
198.58735275268555
198.75402450561523
198.75402450561523
198.75402450561523
198.75402450561523
198.75402450561523
198.75402450561523
198.75402450561523
198.75402450561523
198.75402450561523
198.75402450561523
198.75402450561523
198.75402450561523
198.75402450561523
198.75402450561523
199.13254165649414
199.31397247314453
199.31397247314453
199.31397247314453
199.31397247314453
199.31397247314453
199.31397247314453
199.31397247314453
199.31397247314453
199.31397247314453
199.31397247314453
199.31397247314453
199.4807357788086
199.66207885742188
199.66207885742188
199.66207885742188
199.66207885742188
199.66207885742188
199.66207885742188
199.66207885742188
199.66207885742188
199.66207885742188
199.66207885742188
199.66207885742188
199.84398651123047
200.02544784545898
200.02544784545898
200.02544784545898
200.02544784545898
200.02544784545898
200.02544784545898
200.02544784545898
200.02544784545898
200.02544784545898
200.02544784545898
200.02544784545898
200.20730590820312
200.3886947631836
200.3886947631836
200.3886947631836
200.3886947631836
200.3886947631836
200.3886947631836
200.3886947631836
200.3886947631836
200.3886947631836
200.3886947631836
200.3886947631836
200.3886947631836
200.3886947631836
200.57043838500977
200.75197982788086
200.75197982788086
200.75197982788086
200.75197982788086
200.75197982788086
200.75197982788086
200.75197982788086
200.75197982788086
200.75197982788086
200.75197982788086
200.9338150024414
201.11532974243164
201.11532974243164
201.11532974243164
201.11532974243164
201.11532974243164
201.11532974243164
201.11532974243164
201.11532974243164
201.11532974243164
201.11532974243164
201.11532974243164
201.11532974243164
201.11532974243164
201.11532974243164
201.29699325561523
201.47855758666992
201.6603660583496
201.6603660583496
201.6603660583496
201.6603660583496
201.6603660583496
201.6603660583496
201.6603660583496
201.6603660583496
201.8420066833496
201.8420066833496
201.8420066833496
201.8420066833496
201.8420066833496
201.8420066833496
201.8420066833496
201.8420066833496
201.8420066833496
201.8420066833496
201.8420066833496
201.8420066833496
201.8420066833496
201.8420066833496
201.8420066833496
202.00839614868164
202.20514297485352
202.38686752319336
202.38686752319336
202.38686752319336
202.38686752319336
202.38686752319336
202.38686752319336
202.38686752319336
202.38686752319336
202.38686752319336
202.56864547729492
202.56864547729492
202.56864547729492
202.56864547729492
202.56864547729492
202.56864547729492
202.56864547729492
202.56864547729492
202.56864547729492
202.56864547729492
202.56864547729492
202.56864547729492
202.75008010864258
202.93171310424805
203.1586456298828
203.1586456298828
203.1586456298828
203.1586456298828
203.1586456298828
203.1586456298828
203.1586456298828
203.1586456298828
203.1586456298828
203.1586456298828
203.34058380126953
203.34058380126953
203.34058380126953
203.34058380126953
203.34058380126953
203.34058380126953
203.34058380126953
203.34058380126953
203.34058380126953
203.34058380126953
203.34058380126953
203.34058380126953
203.34058380126953
203.52207946777344
203.70389938354492
203.88533782958984
203.88533782958984
203.88533782958984
203.88533782958984
203.88533782958984
203.88533782958984
203.88533782958984
203.88533782958984
203.88533782958984
203.88533782958984
203.88533782958984
204.0671730041504
204.248779296875
204.248779296875
204.248779296875
204.248779296875
204.248779296875
204.248779296875
204.248779296875
204.248779296875
204.248779296875
204.248779296875
204.248779296875
204.248779296875
204.248779296875
204.248779296875
204.248779296875
204.248779296875
204.248779296875
204.248779296875
204.248779296875
204.248779296875
204.248779296875
204.4305648803711
204.6119842529297
204.79360961914062
204.9903564453125
204.9903564453125
204.9903564453125
204.9903564453125
204.9903564453125
204.9903564453125
204.9903564453125
204.9903564453125
204.9903564453125
204.9903564453125
204.9903564453125
204.9903564453125
204.9903564453125
204.9903564453125
204.9903564453125
204.9903564453125
204.9903564453125
204.9903564453125
204.9903564453125
205.33860778808594
205.52019119262695
205.70180130004883
205.70180130004883
205.70180130004883
205.70180130004883
205.70180130004883
205.70180130004883
205.70180130004883
205.70180130004883
205.70180130004883
205.70180130004883
205.70180130004883
205.88352966308594
206.065185546875
206.065185546875
206.065185546875
206.065185546875
206.065185546875
206.065185546875
206.065185546875
206.065185546875
206.065185546875
206.065185546875
206.065185546875
206.065185546875
206.065185546875
206.065185546875
206.065185546875
206.065185546875
206.065185546875
206.065185546875
206.065185546875
206.065185546875
206.065185546875
206.065185546875
206.065185546875
206.065185546875
206.065185546875
206.065185546875
206.24662399291992
206.42839431762695
206.61003494262695
206.7917594909668
206.97320938110352
206.97320938110352
206.97320938110352
206.97320938110352
206.97320938110352
206.97320938110352
206.97320938110352
206.97320938110352
206.97320938110352
206.97320938110352
206.97320938110352
206.97320938110352
206.97320938110352
206.97320938110352
206.97320938110352
206.97320938110352
206.97320938110352
206.97320938110352
206.97320938110352
206.97320938110352
206.97320938110352
207.1549072265625
207.33648300170898
207.51837921142578
207.69981002807617
207.69981002807617
207.69981002807617
207.69981002807617
207.69981002807617
207.69981002807617
207.69981002807617
207.69981002807617
207.69981002807617
207.69981002807617
207.69981002807617
207.8816032409668
208.04790878295898
208.04790878295898
208.04790878295898
208.04790878295898
208.04790878295898
208.04790878295898
208.04790878295898
208.04790878295898
208.04790878295898
208.04790878295898
208.04790878295898
208.04790878295898
208.04790878295898
208.04790878295898
208.04790878295898
208.04790878295898
208.04790878295898
208.04790878295898
208.04790878295898
208.04790878295898
208.04790878295898
208.04790878295898
208.04790878295898
208.04790878295898
208.04790878295898
208.21472930908203
208.39620208740234
208.5627670288086
208.74424362182617
208.94125747680664
208.94125747680664
208.94125747680664
208.94125747680664
208.94125747680664
208.94125747680664
208.94125747680664
208.94125747680664
208.94125747680664
208.94125747680664
208.94125747680664
208.94125747680664
208.94125747680664
208.94125747680664
208.94125747680664
208.94125747680664
208.94125747680664
208.94125747680664
208.94125747680664
208.94125747680664
208.94125747680664
208.94125747680664
209.10752868652344
209.2892837524414
209.4707374572754
209.65259552001953
209.65259552001953
209.65259552001953
209.65259552001953
209.65259552001953
209.65259552001953
209.65259552001953
209.65259552001953
209.65259552001953
209.65259552001953
209.834228515625
210.0159454345703
210.0159454345703
210.0159454345703
210.0159454345703
210.0159454345703
210.0159454345703
210.0159454345703
210.0159454345703
210.0159454345703
210.0159454345703
210.0159454345703
210.0159454345703
210.1974105834961
210.37923049926758
210.37923049926758
210.37923049926758
210.37923049926758
210.37923049926758
210.37923049926758
210.37923049926758
210.37923049926758
210.37923049926758
210.37923049926758
210.37923049926758
210.56087112426758
210.74259567260742
210.74259567260742
210.74259567260742
210.74259567260742
210.74259567260742
210.74259567260742
210.74259567260742
210.74259567260742
210.74259567260742
210.74259567260742
210.74259567260742
210.74259567260742
210.74259567260742
210.74259567260742
210.74259567260742
210.74259567260742
210.74259567260742
210.74259567260742
210.74259567260742
210.74259567260742
210.74259567260742
210.92405700683594
211.1057472229004
211.28736877441406
211.46914291381836
211.46914291381836
211.46914291381836
211.46914291381836
211.46914291381836
211.46914291381836
211.46914291381836
211.46914291381836
211.46914291381836
211.46914291381836
211.46914291381836
211.65069580078125
211.81711959838867
211.81711959838867
211.81711959838867
211.81711959838867
211.81711959838867
211.81711959838867
211.81711959838867
211.81711959838867
211.81711959838867
211.81711959838867
211.81711959838867
211.81711959838867
212.01385879516602
212.19558715820312
212.19558715820312
212.19558715820312
212.19558715820312
212.19558715820312
212.19558715820312
212.19558715820312
212.19558715820312
212.19558715820312
212.19558715820312
212.37726974487305
212.5436553955078
212.5436553955078
212.5436553955078
212.5436553955078
212.5436553955078
212.5436553955078
212.5436553955078
212.5436553955078
212.5436553955078
212.5436553955078
212.5436553955078
212.5436553955078
212.5436553955078
212.5436553955078
212.7405014038086
212.922119140625
212.922119140625
212.922119140625
212.922119140625
212.922119140625
212.922119140625
212.922119140625
212.922119140625
212.922119140625
212.922119140625
212.922119140625
212.922119140625
213.10387420654297
213.3004608154297
213.48223114013672
213.48223114013672
213.48223114013672
213.48223114013672
213.48223114013672
213.48223114013672
213.48223114013672
213.64853286743164
213.64853286743164
213.64853286743164
213.64853286743164
213.64853286743164
213.64853286743164
213.64853286743164
213.64853286743164
213.64853286743164
213.64853286743164
213.64853286743164
213.64853286743164
213.64853286743164
213.64853286743164
213.64853286743164
213.64853286743164
213.8304443359375
214.01190948486328
214.19365310668945
214.19365310668945
214.19365310668945
214.19365310668945
214.19365310668945
214.19365310668945
214.19365310668945
214.19365310668945
214.19365310668945
214.19365310668945
214.19365310668945
214.37518310546875
214.54194259643555
214.54194259643555
214.54194259643555
214.54194259643555
214.54194259643555
214.54194259643555
214.54194259643555
214.54194259643555
214.54194259643555
214.54194259643555
214.54194259643555
214.7081642150879
214.8898811340332
214.8898811340332
214.8898811340332
214.8898811340332
214.8898811340332
214.8898811340332
214.8898811340332
214.8898811340332
214.8898811340332
214.8898811340332
214.8898811340332
215.07136917114258
215.2533073425293
215.2533073425293
215.2533073425293
215.2533073425293
215.2533073425293
215.2533073425293
215.2533073425293
215.2533073425293
215.2533073425293
215.2533073425293
215.2533073425293
215.41960906982422
215.60133743286133
215.60133743286133
215.60133743286133
215.60133743286133
215.60133743286133
215.60133743286133
215.60133743286133
215.60133743286133
215.60133743286133
215.60133743286133
215.60133743286133
215.60133743286133
215.78285217285156
215.96482467651367
215.96482467651367
215.96482467651367
215.96482467651367
215.96482467651367
215.96482467651367
215.96482467651367
215.96482467651367
215.96482467651367
215.96482467651367
216.14634704589844
216.32807540893555
216.32807540893555
216.32807540893555
216.32807540893555
216.32807540893555
216.32807540893555
216.32807540893555
216.32807540893555
216.32807540893555
216.32807540893555
216.32807540893555
216.32807540893555
216.32807540893555
216.32807540893555
216.52471160888672
216.7063865661621
216.7063865661621
216.7063865661621
216.7063865661621
216.7063865661621
216.7063865661621
216.7063865661621
216.7063865661621
216.7063865661621
216.7063865661621
216.7063865661621
216.7063865661621
216.87294387817383
217.06983947753906
217.25096130371094
217.25096130371094
217.25096130371094
217.25096130371094
217.25096130371094
217.25096130371094
217.25096130371094
217.25096130371094
217.25096130371094
217.25096130371094
217.41609573364258
217.41609573364258
217.41609573364258
217.41609573364258
217.41609573364258
217.41609573364258
217.41609573364258
217.41609573364258
217.41609573364258
217.41609573364258
217.41609573364258
217.41609573364258
217.41609573364258
217.59387588500977
217.76786041259766
217.9367218017578
217.9367218017578
217.9367218017578
217.9367218017578
217.9367218017578
217.9367218017578
217.9367218017578
217.9367218017578
217.9367218017578
217.9367218017578
217.9367218017578
218.10047149658203
218.25880432128906
218.25880432128906
218.25880432128906
218.25880432128906
218.25880432128906
218.25880432128906
218.25880432128906
218.25880432128906
218.25880432128906
218.25880432128906
218.25880432128906
218.41178131103516
218.5590476989746
218.5590476989746
218.5590476989746
218.5590476989746
218.5590476989746
218.5590476989746
218.5590476989746
218.5590476989746
218.5590476989746
218.5590476989746
218.5590476989746
218.5590476989746
218.5590476989746
218.5590476989746
218.5590476989746
218.7013053894043
218.837890625
218.96916580200195
218.96916580200195
218.96916580200195
218.96916580200195
218.96916580200195
218.96916580200195
218.96916580200195
219.0951042175293
219.0951042175293
219.0951042175293
219.0951042175293
219.0951042175293
219.0951042175293
219.0951042175293
219.0951042175293
219.0951042175293
219.0951042175293
219.0951042175293
219.2154655456543
219.33056640625
219.33056640625
219.33056640625
219.33056640625
219.33056640625
219.33056640625
219.33056640625
219.33056640625
219.33056640625
219.33056640625
219.33056640625
219.44030380249023
219.55292510986328
219.55292510986328
219.55292510986328
219.55292510986328
219.55292510986328
219.55292510986328
219.55292510986328
219.55292510986328
219.55292510986328
219.55292510986328
219.55292510986328
219.55292510986328
219.55292510986328
219.55292510986328
219.64334869384766
219.73681640625
219.73681640625
219.73681640625
219.73681640625
219.73681640625
219.73681640625
219.73681640625
219.73681640625
219.73681640625
219.73681640625
219.73681640625
219.73681640625
219.82488250732422
219.9074478149414
219.98456192016602
219.98456192016602
219.98456192016602
219.98456192016602
219.98456192016602
219.98456192016602
219.98456192016602
219.98456192016602
219.98456192016602
219.98456192016602
220.05638885498047
220.05638885498047
220.05638885498047
220.05638885498047
220.05638885498047
220.05638885498047
220.05638885498047
220.05638885498047
220.05638885498047
220.05638885498047
220.05638885498047
220.05638885498047
220.12285995483398
220.18383026123047
220.23926544189453
220.23926544189453
220.23926544189453
220.23926544189453
220.23926544189453
220.23926544189453
220.23926544189453
220.23926544189453
220.23926544189453
220.28942108154297
220.33402633666992
220.33402633666992
220.33402633666992
220.33402633666992
220.33402633666992
220.33402633666992
220.33402633666992
220.33402633666992
220.33402633666992
220.33402633666992
220.33402633666992
220.33402633666992
220.33402633666992
220.3734245300293
220.4072036743164
220.4072036743164
220.4072036743164
220.4072036743164
220.4072036743164
220.4072036743164
220.4072036743164
220.4072036743164
220.4072036743164
220.4072036743164
220.4072036743164
220.4354591369629
220.45876693725586
220.45876693725586
220.45876693725586
220.45876693725586
220.45876693725586
220.45876693725586
220.45876693725586
220.45876693725586
220.45876693725586
220.45876693725586
220.45876693725586
220.47615432739258
220.48851776123047
220.48851776123047
220.48851776123047
220.48851776123047
220.48851776123047
220.48851776123047
220.48851776123047
220.48851776123047
220.48851776123047
220.48851776123047
220.48851776123047
220.48851776123047
220.48851776123047
220.48851776123047
220.48851776123047
220.49575805664062
220.4993553161621
220.50078582763672
220.50078582763672
220.50078582763672
220.50078582763672
220.50078582763672
220.50078582763672
220.50078582763672
220.50107192993164
220.50107192993164
220.50107192993164
220.50107192993164
220.50107192993164
220.50107192993164
220.50107192993164
220.50107192993164
220.50107192993164
220.50107192993164
220.50107192993164
220.50107192993164
220.50107192993164
220.50107192993164
220.50107192993164
220.50117874145508
220.50125885009766
220.50132369995117
220.50132369995117
220.50132369995117
220.50132369995117
220.50132369995117
220.5014419555664
220.5014419555664
220.5014419555664
220.5014419555664
220.5014419555664
220.5014419555664
220.5014419555664
220.5014419555664
220.5014419555664
220.5014419555664
220.5014419555664
220.5014419555664
220.5014419555664
220.5014419555664
220.5014419555664
220.5014419555664
220.5014419555664
220.5014419555664
220.5014419555664
220.5014419555664
220.5015754699707
220.50161361694336
220.50164413452148
220.50167083740234
220.50167083740234
220.50167083740234
220.50167083740234
220.50167083740234
220.50167083740234
220.50167083740234
220.501708984375
220.501708984375
220.501708984375
220.501708984375
220.501708984375
220.501708984375
220.501708984375
220.501708984375
220.501708984375
220.501708984375
220.501708984375
220.501708984375
220.501708984375
220.501708984375
220.5017204284668
220.50173568725586
220.50175094604492
220.50175094604492
220.50175094604492
220.50175094604492
220.50175094604492
220.50175094604492
220.50175094604492
220.50175094604492
220.50175094604492
220.50175094604492
220.50175857543945
220.50177383422852
220.50177383422852
220.50177383422852
220.50177383422852
220.50177383422852
220.50177383422852
220.50177383422852
220.50177383422852
220.50177383422852
220.50177383422852
220.50177383422852
220.50177383422852
220.50177383422852
220.50177383422852
220.50177383422852
220.50177383422852
220.50177383422852
220.50177383422852
220.50177383422852
220.50177383422852
220.50177383422852
220.50177383422852
220.50177383422852
220.50177383422852
220.50177383422852
220.5017852783203
220.50178909301758
220.50180435180664
220.50181579589844
220.50181579589844
220.50181579589844
220.50181579589844
220.50181579589844
220.50181579589844
220.50181579589844
220.50181579589844
220.50181579589844
220.50181579589844
220.50181579589844
220.50181579589844
220.50181579589844
220.50181579589844
220.50181579589844
220.50181579589844
220.50181579589844
220.50181579589844
220.50181579589844
220.50181579589844
220.50181579589844
220.5018196105957
220.50182723999023
220.50183868408203
220.50183868408203
220.50183868408203
220.50183868408203
220.50183868408203
220.50183868408203
220.5018424987793
220.5018424987793
220.5018424987793
220.5018424987793
220.5018424987793
220.5018424987793
220.5018424987793
220.5018424987793
220.5018424987793
220.5018424987793
220.5018424987793
220.5018424987793
220.5018424987793
220.5018424987793
220.5018424987793
220.5018424987793
220.5018424987793
220.5018424987793
220.5018424987793
220.5018424987793
220.5018424987793
220.50184631347656
220.50184631347656
220.50184631347656
220.50184631347656
220.50184631347656
220.50184631347656
220.50184631347656
220.50184631347656
220.50184631347656
220.50184631347656
220.50184631347656
220.50184631347656
220.5018539428711
220.5018539428711
220.5018539428711
220.5018539428711
220.5018539428711
220.5018539428711
220.5018539428711
220.5018539428711
220.5018539428711
220.5018539428711
220.5018539428711
220.5018539428711
220.5018539428711
220.5018539428711
220.5018539428711
220.5018539428711
220.5018539428711
220.5018539428711
220.5018539428711
220.5018539428711
220.5018539428711
220.5018539428711
220.5018539428711
220.50185775756836
220.50185775756836
220.50185775756836
220.50185775756836
220.50185775756836
220.50185775756836
220.50185775756836
220.50185775756836
220.50185775756836
220.50185775756836
220.50185775756836
220.50185775756836
220.50185775756836
220.50185775756836
220.50185775756836
220.50185775756836
220.50185775756836
220.50185775756836
220.50185775756836
220.50185775756836
220.50185775756836
220.50185775756836
220.50185775756836
220.50185775756836
220.50185775756836
220.50185775756836
220.50185775756836
220.50185775756836
220.50185775756836
220.50185775756836
220.50185775756836
220.50185775756836
220.50185775756836
220.50185775756836
220.50185775756836
220.50185775756836
220.50185775756836
220.50185775756836
220.50185775756836
220.50185775756836
220.50185775756836
220.50185775756836
220.50185775756836
220.50185775756836
220.50185775756836
220.50185775756836
220.50185775756836
220.50185775756836
220.50185775756836
220.50185775756836
220.50185775756836
220.50185775756836
220.50185775756836
220.50185775756836
220.50185775756836
220.50185775756836
220.50185775756836
220.50185775756836
220.50185775756836
220.50185775756836
220.50185775756836
220.50185775756836
220.50185775756836
220.50185775756836
220.50185775756836
220.50185775756836
220.50185775756836
220.50185775756836
220.50185775756836
220.50185775756836
220.50185775756836
220.50185775756836
220.50185775756836
220.50185775756836
220.50185775756836
220.50185775756836
220.50185775756836
220.50185775756836
220.50185775756836
220.50185775756836
220.50185775756836
220.50185775756836
220.50185775756836
220.50185775756836
220.50185775756836
220.50185775756836
220.50185775756836
220.50185775756836
220.50185775756836
220.50185775756836
220.50185775756836
220.50185775756836
220.50185775756836
220.50185775756836
220.50185775756836
220.50185775756836
220.50185775756836
220.50185775756836
220.50185775756836
220.50185775756836
220.50185775756836
220.50185775756836
220.50185775756836
220.50185775756836
220.50185775756836
220.50185775756836
220.50185775756836
220.50185775756836
220.50185775756836
220.50185775756836
220.50185775756836
220.50185775756836
220.50185775756836
220.50185775756836
220.50185775756836
220.50185775756836
220.50185775756836
220.50185775756836
220.50185775756836
220.50185775756836
220.50185775756836
220.50185775756836
220.50185775756836
220.50185775756836
220.50185775756836
220.50185775756836
220.50185775756836
220.50185775756836
220.50185775756836
220.50185775756836
220.50185775756836
220.50185775756836
220.50185775756836
220.50185775756836
220.50185775756836
220.50185775756836
220.50185775756836
220.50185775756836
220.5018653869629
220.5018653869629
220.5018653869629
220.5018653869629
220.5018653869629
220.5018653869629
220.5018653869629
220.5018653869629
220.5018653869629
220.5018653869629
220.5018653869629
220.5018653869629
220.5018653869629
220.5018653869629
220.5018653869629
220.5018653869629
220.5018653869629
220.5018653869629
220.5018653869629
220.5018653869629
220.5018653869629
220.5018653869629
220.5018653869629
220.5018653869629
220.5018653869629
220.5018653869629
220.5018653869629
220.5018653869629
220.5018653869629
220.5018653869629
220.5018653869629
220.5018653869629
220.5018653869629
220.5018653869629
220.5018653869629
220.5018653869629
220.5018653869629
220.5018653869629
220.5018653869629
220.5018653869629
220.5018653869629
220.5018653869629
220.5018653869629
220.5018653869629
220.5018653869629
220.5018653869629
220.5018653869629
220.5018653869629
220.5018653869629
220.5018653869629
220.5018653869629
220.5018653869629
220.5018653869629
220.5018653869629
220.5018653869629
220.5018653869629
220.5018653869629
220.5018653869629
220.5018653869629
220.5018653869629
220.5018653869629
220.5018653869629
220.5018653869629
220.5018653869629
220.5018653869629
220.5018653869629
220.5018653869629
220.5018653869629
220.5018653869629
220.5018653869629
220.5018653869629
220.5018653869629
220.5018653869629
220.5018653869629
220.5018653869629
220.5018653869629
220.5018653869629
220.5018653869629
220.5018653869629
220.5018653869629
220.5018653869629
220.5018653869629
220.5018653869629
220.5018653869629
220.5018653869629
220.5018653869629
220.5018653869629
220.5018653869629
220.5018653869629
220.5018653869629
220.5018653869629
220.5018653869629
220.5018653869629
220.5018653869629
220.5018653869629
220.5018653869629
220.5018653869629
220.5018653869629
220.5018653869629
220.5018653869629
220.5018653869629
220.5018653869629
220.5018653869629
220.5018653869629
220.5018653869629
220.5018653869629
220.5018653869629
220.5018653869629
220.5018653869629
220.5018653869629
220.5018653869629
220.5018653869629
220.5018653869629
220.5018653869629
220.5018653869629
220.5018653869629
220.5018653869629
220.5018653869629
220.5018653869629
220.5018653869629
220.5018653869629
220.5018653869629
220.5018653869629
220.5018653869629
220.5018653869629
220.5018653869629
220.5018653869629
220.5018653869629
220.5018653869629
220.5018653869629
220.5018653869629
220.5018653869629
220.5018653869629
220.5018653869629
220.5018653869629
220.5018653869629
220.5018653869629
220.5018653869629
220.5018653869629
220.5018653869629
220.5018653869629
220.5018653869629
220.5018653869629
220.5018653869629
220.5018653869629
220.5018653869629
220.5018653869629
220.5018653869629
220.5018653869629
220.5018653869629
220.5018653869629
220.5018653869629
220.50186920166016
220.50186920166016
220.50186920166016
220.50186920166016
220.50186920166016
220.50186920166016
220.50186920166016
220.50186920166016
220.50186920166016
220.50186920166016
220.50186920166016
220.50186920166016
220.50186920166016
220.50186920166016
220.50186920166016
220.50186920166016
220.50186920166016
220.50186920166016
220.50186920166016
220.50186920166016
220.50186920166016
220.50186920166016
220.50186920166016
220.50186920166016
220.50186920166016
220.50186920166016
220.50186920166016
220.50186920166016
220.50186920166016
220.50186920166016
220.50186920166016
220.50186920166016
220.50186920166016
220.50186920166016
220.50186920166016
220.50186920166016
220.50186920166016
220.50186920166016
220.50186920166016
220.50186920166016
220.50186920166016
220.50186920166016
220.50186920166016
220.50186920166016
220.50186920166016
220.50186920166016
220.50186920166016
220.50186920166016
220.50186920166016
220.50186920166016
220.50186920166016
220.50186920166016
220.50186920166016
220.50186920166016
220.50186920166016
220.50186920166016
220.50186920166016
220.50186920166016
220.50186920166016
220.50186920166016
220.50186920166016
220.50186920166016
220.50186920166016
220.50186920166016
220.50186920166016
220.50186920166016
220.50186920166016
220.50186920166016
220.50186920166016
220.50186920166016
220.50186920166016
220.50186920166016
220.50186920166016
220.50186920166016
220.50186920166016
220.50186920166016
220.50186920166016
220.50186920166016
220.50186920166016
220.50186920166016
220.50186920166016
220.50186920166016
220.50186920166016
220.50186920166016
220.50186920166016
220.50186920166016
220.50186920166016
220.50186920166016
220.50186920166016
220.50186920166016
220.50186920166016
220.50186920166016
220.50186920166016
220.50186920166016
220.50186920166016
220.50186920166016
220.50186920166016
220.50186920166016
220.50186920166016
220.50186920166016
220.50186920166016
220.50186920166016
220.50186920166016
220.50186920166016
220.50186920166016
220.50186920166016
220.50186920166016
220.50186920166016
220.50186920166016
220.50186920166016
220.50186920166016
220.50186920166016
220.50186920166016
220.50186920166016
220.50186920166016
220.50186920166016
220.50186920166016
220.50186920166016
220.50186920166016
220.50186920166016
220.50186920166016
220.50186920166016
220.50186920166016
220.50186920166016
220.50186920166016
220.50186920166016
220.50186920166016
220.50186920166016
220.50186920166016
220.50186920166016
220.50186920166016
220.50186920166016
220.50186920166016
220.50186920166016
220.50186920166016
220.50186920166016
220.50186920166016
220.50186920166016
220.50186920166016
220.50186920166016
220.50186920166016
220.50186920166016
220.50186920166016
220.50186920166016
220.50186920166016
220.50186920166016
220.50186920166016
220.50186920166016
220.50186920166016
220.50186920166016
220.50186920166016
220.50186920166016
220.50186920166016
220.50186920166016
220.50186920166016
220.50186920166016
220.50186920166016
220.50186920166016
220.50186920166016
220.50186920166016
220.50186920166016
220.50186920166016
220.50186920166016
220.50186920166016
220.50186920166016
220.50186920166016
220.50186920166016
220.50186920166016
220.50186920166016
220.50186920166016
220.50186920166016
220.50186920166016
220.50186920166016
220.50186920166016
220.50186920166016
220.50186920166016
220.50186920166016
220.50186920166016
220.50186920166016
220.50186920166016
220.50186920166016
220.50186920166016
220.50186920166016
220.50186920166016
220.50186920166016
220.50186920166016
220.50186920166016
220.50186920166016
220.50186920166016
220.50186920166016
220.50186920166016
220.50186920166016
220.50186920166016
220.50186920166016
220.50186920166016
220.50186920166016
220.50186920166016
220.50186920166016
220.50186920166016
220.50186920166016
220.50186920166016
220.50186920166016
220.50186920166016
220.50186920166016
220.50186920166016
220.50186920166016
220.50186920166016
220.50186920166016
220.50186920166016
220.50186920166016
220.50186920166016
220.50186920166016
220.50186920166016
220.50186920166016
220.50186920166016
220.50186920166016
220.50186920166016
220.50186920166016
220.50186920166016
220.50186920166016
220.50186920166016
220.50186920166016
220.50186920166016
220.50186920166016
220.50186920166016
220.50186920166016
220.50186920166016
220.50186920166016
220.50186920166016
220.50186920166016
220.50186920166016
220.50186920166016
220.50187301635742
220.50187301635742
