-0.00524139404296875
-0.00524139404296875
-0.00524139404296875
-0.00524139404296875
-0.00524139404296875
-0.00524139404296875
-0.00524139404296875
-0.00524139404296875
-0.00524139404296875
-0.00524139404296875
-0.00524139404296875
-0.00524139404296875
-0.09108734130859375
-0.17220306396484375
-0.2484130859375
-0.2484130859375
-0.2484130859375
-0.2484130859375
-0.2484130859375
-0.2484130859375
-0.2484130859375
-0.2484130859375
-0.2484130859375
-0.2484130859375
-0.2484130859375
-0.2484130859375
-0.31932830810546875
-0.31932830810546875
-0.31932830810546875
-0.31932830810546875
-0.31932830810546875
-0.31932830810546875
-0.31932830810546875
-0.31932830810546875
-0.31932830810546875
-0.31932830810546875
-0.31932830810546875
-0.31932830810546875
-0.31932830810546875
-0.38596343994140625
-0.44274139404296875
-0.4990386962890625
-0.4990386962890625
-0.4990386962890625
-0.4990386962890625
-0.4990386962890625
-0.4990386962890625
-0.4990386962890625
-0.4990386962890625
-0.4990386962890625
-0.5509109497070312
-0.5978546142578125
-0.5978546142578125
-0.5978546142578125
-0.5978546142578125
-0.5978546142578125
-0.5978546142578125
-0.5978546142578125
-0.5978546142578125
-0.5978546142578125
-0.5978546142578125
-0.5978546142578125
-0.5978546142578125
-0.5978546142578125
-0.5978546142578125
-0.6402740478515625
-0.6812667846679688
-0.6812667846679688
-0.6812667846679688
-0.6812667846679688
-0.6812667846679688
-0.6812667846679688
-0.6812667846679688
-0.6812667846679688
-0.6812667846679688
-0.7123641967773438
-0.7540817260742188
-0.7540817260742188
-0.7540817260742188
-0.7540817260742188
-0.7540817260742188
-0.7540817260742188
-0.7540817260742188
-0.7540817260742188
-0.7540817260742188
-0.7540817260742188
-0.7540817260742188
-0.7726211547851562
-0.7803878784179688
-0.7803878784179688
-0.7803878784179688
-0.7803878784179688
-0.7803878784179688
-0.7803878784179688
-0.7803878784179688
-0.7803878784179688
-0.7803878784179688
-0.7803878784179688
-0.7803878784179688
-0.7841720581054688
-0.7864532470703125
-0.7864532470703125
-0.7864532470703125
-0.7864532470703125
-0.7864532470703125
-0.7864532470703125
-0.7864532470703125
-0.7864532470703125
-0.7864532470703125
-0.7864532470703125
-0.7864532470703125
-0.7864608764648438
-0.7864608764648438
-0.7864608764648438
-0.7864608764648438
-0.7864608764648438
-0.7864608764648438
-0.7864608764648438
-0.7864608764648438
-0.7864608764648438
-0.7864608764648438
-0.7864608764648438
-0.7864608764648438
-0.7864608764648438
-0.7864608764648438
-0.7864608764648438
-0.7864608764648438
-0.7864608764648438
-0.7864608764648438
-0.7864608764648438
-0.7864608764648438
-0.7864608764648438
-0.786468505859375
-0.786468505859375
-0.786468505859375
-0.786468505859375
-0.786468505859375
-0.786468505859375
-0.786468505859375
-0.786468505859375
-0.786468505859375
-0.786468505859375
-0.786468505859375
-0.786468505859375
-0.786468505859375
-0.786468505859375
-0.786468505859375
-0.786468505859375
-0.786468505859375
-0.786468505859375
-0.786468505859375
-0.786468505859375
-0.786468505859375
-0.786468505859375
-0.786468505859375
-0.786468505859375
-0.786468505859375
-0.786468505859375
-0.786468505859375
-0.786468505859375
-0.786468505859375
-0.786468505859375
-0.786468505859375
-0.786468505859375
-0.786468505859375
-0.786468505859375
-0.786468505859375
-0.786468505859375
-0.786468505859375
-0.786468505859375
-0.786468505859375
-0.786468505859375
-0.786468505859375
-0.786468505859375
-0.786468505859375
-0.786468505859375
-0.786468505859375
-0.786468505859375
-0.786468505859375
-0.786468505859375
-0.7864761352539062
-0.7864761352539062
-0.7864761352539062
-0.7864761352539062
-0.7864761352539062
-0.7864761352539062
-0.7864761352539062
-0.7864761352539062
-0.7864761352539062
-0.7864761352539062
-0.7864761352539062
-0.7864761352539062
-0.7864761352539062
-0.7864761352539062
-0.7864761352539062
-0.7864761352539062
-0.7864761352539062
-0.7864761352539062
-0.7864761352539062
-0.7864761352539062
-0.7864761352539062
-0.7864761352539062
-0.7864761352539062
-0.7864761352539062
-0.7864761352539062
-0.7864761352539062
-0.7864761352539062
-0.7864761352539062
-0.7864761352539062
-0.7864761352539062
-0.7864761352539062
-0.7864761352539062
-0.7864761352539062
-0.7864761352539062
-0.7864761352539062
-0.7864761352539062
-0.7864761352539062
-0.7864761352539062
-0.7864761352539062
-0.7864761352539062
-0.7864761352539062
-0.7864761352539062
-0.7864761352539062
-0.7864761352539062
-0.7865142822265625
-0.7865142822265625
-0.7865142822265625
-0.7865142822265625
-0.7865142822265625
-0.7865142822265625
-0.7865142822265625
-0.7865142822265625
-0.7865142822265625
-0.7865142822265625
-0.7865142822265625
-0.7870407104492188
-0.7870941162109375
-0.7870941162109375
-0.7870941162109375
-0.7870941162109375
-0.7870941162109375
-0.7870941162109375
-0.7870941162109375
-0.7870941162109375
-0.7870941162109375
-0.7870941162109375
-0.7871017456054688
-0.7871017456054688
-0.7871017456054688
-0.7871017456054688
-0.7871017456054688
-0.7871017456054688
-0.7871017456054688
-0.7871017456054688
-0.7871170043945312
-0.7871170043945312
-0.7871170043945312
-0.7871170043945312
-0.7871170043945312
-0.7871170043945312
-0.7871170043945312
-0.7871170043945312
-0.7871170043945312
-0.7871170043945312
-0.7871170043945312
-0.7871170043945312
-0.7871170043945312
-0.7871170043945312
-0.7871170043945312
-0.7871170043945312
-0.7871170043945312
-0.7871246337890625
-0.7871322631835938
0.08597564697265625
0.1815032958984375
0.1815032958984375
0.1815032958984375
0.1815032958984375
0.1815032958984375
0.1815032958984375
0.1815032958984375
0.1815032958984375
0.1815032958984375
0.1815032958984375
0.1815032958984375
0.2823944091796875
0.388031005859375
0.388031005859375
0.388031005859375
0.388031005859375
0.388031005859375
0.388031005859375
0.388031005859375
0.388031005859375
0.388031005859375
0.388031005859375
0.388031005859375
0.4989013671875
0.6146469116210938
0.6146469116210938
0.6146469116210938
0.6146469116210938
0.6146469116210938
0.6146469116210938
0.6146469116210938
0.6146469116210938
0.6146469116210938
0.6146469116210938
0.6146469116210938
0.7357635498046875
0.8617706298828125
0.8617706298828125
0.8617706298828125
0.8617706298828125
0.8617706298828125
0.8617706298828125
0.8617706298828125
0.8617706298828125
0.8617706298828125
0.8617706298828125
0.8617706298828125
0.9924697875976562
1.128662109375
1.2690200805664062
1.2690200805664062
1.2690200805664062
1.2690200805664062
1.2690200805664062
1.2690200805664062
1.2690200805664062
1.2690200805664062
1.2690200805664062
1.2690200805664062
1.2690200805664062
1.2690200805664062
1.2690200805664062
1.4154739379882812
1.4154739379882812
1.4154739379882812
1.4154739379882812
1.4154739379882812
1.4154739379882812
1.4154739379882812
1.4154739379882812
1.4154739379882812
1.4154739379882812
1.4154739379882812
1.4154739379882812
1.566131591796875
1.7217025756835938
1.7217025756835938
1.7217025756835938
1.7217025756835938
1.7217025756835938
1.7217025756835938
1.7217025756835938
1.7217025756835938
1.7217025756835938
1.8960189819335938
10.02655029296875
10.02655029296875
10.02655029296875
10.02655029296875
10.02655029296875
10.02655029296875
10.02655029296875
10.02655029296875
10.02655029296875
10.181449890136719
10.364723205566406
10.364723205566406
10.364723205566406
10.364723205566406
10.364723205566406
10.364723205566406
10.364723205566406
10.364723205566406
10.364723205566406
10.364723205566406
10.364723205566406
10.364723205566406
10.364723205566406
10.533584594726562
10.702301025390625
10.702301025390625
10.702301025390625
10.702301025390625
10.702301025390625
10.702301025390625
10.702301025390625
10.702301025390625
10.702301025390625
10.871109008789062
11.039878845214844
11.039878845214844
11.039878845214844
11.039878845214844
11.039878845214844
11.039878845214844
11.039878845214844
11.039878845214844
11.039878845214844
11.039878845214844
11.039878845214844
11.039878845214844
11.039878845214844
11.039878845214844
11.209327697753906
11.378433227539062
11.378433227539062
11.378433227539062
11.378433227539062
11.378433227539062
11.378433227539062
11.378433227539062
11.378433227539062
11.378433227539062
11.378433227539062
11.378433227539062
11.547256469726562
11.702072143554688
11.702072143554688
11.702072143554688
11.702072143554688
11.702072143554688
11.702072143554688
11.702072143554688
11.702072143554688
11.702072143554688
11.702072143554688
11.702072143554688
11.884986877441406
12.053596496582031
12.053596496582031
12.053596496582031
12.053596496582031
12.053596496582031
12.053596496582031
12.053596496582031
12.053596496582031
12.053596496582031
12.053596496582031
12.053596496582031
12.222564697265625
12.405540466308594
12.405540466308594
12.405540466308594
12.405540466308594
12.405540466308594
12.405540466308594
12.405540466308594
12.405540466308594
12.405540466308594
12.405540466308594
12.405540466308594
12.560661315917969
12.729721069335938
12.729721069335938
12.729721069335938
12.729721069335938
12.729721069335938
12.729721069335938
12.729721069335938
12.729721069335938
12.729721069335938
12.729721069335938
12.729721069335938
12.8988037109375
13.067741394042969
13.067741394042969
13.067741394042969
13.067741394042969
13.067741394042969
13.067741394042969
13.067741394042969
13.067741394042969
13.067741394042969
13.067741394042969
13.067741394042969
13.236595153808594
13.405128479003906
13.574172973632812
13.574172973632812
13.574172973632812
13.574172973632812
13.574172973632812
13.574172973632812
13.574172973632812
13.574172973632812
13.574172973632812
13.574172973632812
13.574172973632812
13.574172973632812
13.574172973632812
13.743614196777344
13.912734985351562
13.912734985351562
13.912734985351562
13.912734985351562
13.912734985351562
13.912734985351562
13.912734985351562
13.912734985351562
13.912734985351562
13.912734985351562
13.912734985351562
13.912734985351562
13.912734985351562
14.081672668457031
14.250289916992188
14.250289916992188
14.250289916992188
14.250289916992188
14.250289916992188
14.250289916992188
14.250289916992188
14.250289916992188
14.250289916992188
14.419105529785156
14.574188232421875
14.574188232421875
14.574188232421875
14.574188232421875
14.574188232421875
14.574188232421875
14.574188232421875
14.574188232421875
14.574188232421875
14.574188232421875
14.574188232421875
14.574188232421875
14.574188232421875
14.574188232421875
14.729118347167969
14.898155212402344
14.898155212402344
14.898155212402344
14.898155212402344
14.898155212402344
14.898155212402344
14.898155212402344
14.898155212402344
14.898155212402344
14.898155212402344
14.898155212402344
15.06707763671875
15.221870422363281
15.221870422363281
15.221870422363281
15.221870422363281
15.221870422363281
15.221870422363281
15.221870422363281
15.221870422363281
15.221870422363281
15.221870422363281
15.221870422363281
15.390899658203125
15.559524536132812
15.728309631347656
15.728309631347656
15.728309631347656
15.728309631347656
15.728309631347656
15.728309631347656
15.728309631347656
15.728309631347656
15.728309631347656
15.728309631347656
15.728309631347656
15.728309631347656
15.728309631347656
15.728309631347656
15.728309631347656
15.8829345703125
15.8829345703125
15.8829345703125
15.8829345703125
15.8829345703125
15.8829345703125
15.8829345703125
16.066513061523438
16.2357177734375
16.2357177734375
16.2357177734375
16.2357177734375
16.2357177734375
16.2357177734375
16.2357177734375
16.2357177734375
16.2357177734375
16.2357177734375
16.2357177734375
16.2357177734375
16.404464721679688
16.573402404785156
16.573402404785156
16.573402404785156
16.573402404785156
16.573402404785156
16.573402404785156
16.573402404785156
16.573402404785156
16.573402404785156
16.573402404785156
16.74236297607422
16.911109924316406
17.080001831054688
17.080001831054688
17.080001831054688
17.080001831054688
17.080001831054688
17.080001831054688
17.080001831054688
17.080001831054688
17.080001831054688
17.080001831054688
17.080001831054688
17.080001831054688
17.080001831054688
17.24921417236328
17.418365478515625
17.418365478515625
17.418365478515625
17.418365478515625
17.418365478515625
17.418365478515625
17.418365478515625
17.418365478515625
17.418365478515625
17.418365478515625
17.418365478515625
17.418365478515625
17.418365478515625
17.573104858398438
17.72795867919922
17.72795867919922
17.72795867919922
17.72795867919922
17.72795867919922
17.72795867919922
17.72795867919922
17.72795867919922
17.72795867919922
17.896682739257812
18.051918029785156
18.051918029785156
18.051918029785156
18.051918029785156
18.051918029785156
18.051918029785156
18.051918029785156
18.051918029785156
18.051918029785156
18.051918029785156
18.051918029785156
18.051918029785156
18.051918029785156
18.051918029785156
18.051918029785156
18.220298767089844
18.40380096435547
18.40380096435547
18.40380096435547
18.40380096435547
18.40380096435547
18.40380096435547
18.40380096435547
18.40380096435547
18.40380096435547
18.40380096435547
18.55860137939453
18.72765350341797
18.72765350341797
18.72765350341797
18.72765350341797
18.72765350341797
18.72765350341797
18.72765350341797
18.72765350341797
18.72765350341797
18.72765350341797
18.72765350341797
18.89612579345703
19.065223693847656
19.23394012451172
19.23394012451172
19.23394012451172
19.23394012451172
19.23394012451172
19.23394012451172
19.23394012451172
19.23394012451172
19.23394012451172
19.23394012451172
19.23394012451172
19.23394012451172
19.23394012451172
19.23394012451172
19.23394012451172
19.41724395751953
19.41724395751953
19.41724395751953
19.41724395751953
19.41724395751953
19.41724395751953
19.41724395751953
19.572105407714844
19.74151611328125
19.910110473632812
19.910110473632812
19.910110473632812
19.910110473632812
19.910110473632812
19.910110473632812
19.910110473632812
19.910110473632812
19.910110473632812
19.910110473632812
19.910110473632812
19.910110473632812
19.910110473632812
19.910110473632812
19.910110473632812
19.910110473632812
2.0465621948242188
2.2144317626953125
2.2144317626953125
2.2144317626953125
2.2144317626953125
2.2144317626953125
2.2144317626953125
2.2144317626953125
2.2144317626953125
2.2144317626953125
2.2144317626953125
2.2144317626953125
2.2144317626953125
2.2144317626953125
2.2144317626953125
2.2144317626953125
2.3825225830078125
2.3825225830078125
2.3825225830078125
2.3825225830078125
2.3825225830078125
2.3825225830078125
2.3825225830078125
2.5519256591796875
2.7202606201171875
2.8892593383789062
2.8892593383789062
2.8892593383789062
2.8892593383789062
2.8892593383789062
2.8892593383789062
2.8892593383789062
2.8892593383789062
2.8892593383789062
2.8892593383789062
2.8892593383789062
2.8892593383789062
2.8892593383789062
2.8892593383789062
20.07940673828125
20.247817993164062
20.247817993164062
20.247817993164062
20.247817993164062
20.247817993164062
20.247817993164062
20.247817993164062
20.247817993164062
20.247817993164062
20.247817993164062
20.416847229003906
20.58544158935547
20.58544158935547
20.58544158935547
20.58544158935547
20.58544158935547
20.58544158935547
20.58544158935547
20.58544158935547
20.58544158935547
20.58544158935547
20.58544158935547
20.58544158935547
20.754653930664062
20.92389678955078
20.92389678955078
20.92389678955078
20.92389678955078
20.92389678955078
20.92389678955078
20.92389678955078
20.92389678955078
20.92389678955078
20.92389678955078
21.093116760253906
21.346214294433594
21.346214294433594
21.346214294433594
21.346214294433594
21.346214294433594
21.346214294433594
21.346214294433594
21.346214294433594
21.346214294433594
21.346214294433594
21.346214294433594
21.76873779296875
21.76873779296875
21.76873779296875
21.76873779296875
21.76873779296875
21.76873779296875
21.76873779296875
22.07879638671875
22.07879638671875
22.07879638671875
22.07879638671875
22.07879638671875
22.07879638671875
22.486373901367188
22.486373901367188
22.486373901367188
22.486373901367188
22.486373901367188
22.486373901367188
22.486373901367188
22.486373901367188
22.486373901367188
22.486373901367188
22.65538787841797
22.824195861816406
22.824195861816406
22.824195861816406
22.824195861816406
22.824195861816406
22.824195861816406
22.824195861816406
22.824195861816406
22.993270874023438
23.162071228027344
23.331405639648438
23.331405639648438
23.331405639648438
23.331405639648438
23.331405639648438
23.331405639648438
23.331405639648438
23.331405639648438
23.331405639648438
23.331405639648438
23.331405639648438
23.331405639648438
23.331405639648438
23.500228881835938
23.500228881835938
23.500228881835938
23.500228881835938
23.500228881835938
23.500228881835938
23.500228881835938
23.500228881835938
23.500228881835938
23.66907501220703
23.83794403076172
24.006927490234375
24.006927490234375
24.006927490234375
24.006927490234375
24.006927490234375
24.006927490234375
24.006927490234375
24.006927490234375
24.006927490234375
24.006927490234375
24.006927490234375
24.006927490234375
24.006927490234375
24.006927490234375
24.175819396972656
24.175819396972656
24.175819396972656
24.175819396972656
24.175819396972656
24.175819396972656
24.175819396972656
24.175819396972656
24.34516143798828
24.514053344726562
24.69738006591797
24.69738006591797
24.69738006591797
24.69738006591797
24.69738006591797
24.69738006591797
24.69738006591797
24.69738006591797
24.69738006591797
24.69738006591797
24.69738006591797
24.69738006591797
24.69738006591797
24.69738006591797
24.69738006591797
24.851882934570312
24.851882934570312
24.851882934570312
24.851882934570312
24.851882934570312
24.851882934570312
25.03514862060547
25.203933715820312
25.3729248046875
25.3729248046875
25.3729248046875
25.3729248046875
25.3729248046875
25.3729248046875
25.3729248046875
25.3729248046875
25.3729248046875
25.3729248046875
25.3729248046875
25.3729248046875
25.3729248046875
25.527420043945312
25.696510314941406
25.696510314941406
25.696510314941406
25.696510314941406
25.696510314941406
25.696510314941406
25.696510314941406
25.696510314941406
25.696510314941406
25.696510314941406
25.696510314941406
25.865264892578125
26.034347534179688
26.034347534179688
26.034347534179688
26.034347534179688
26.034347534179688
26.034347534179688
26.034347534179688
26.034347534179688
26.034347534179688
26.034347534179688
26.034347534179688
26.20301055908203
26.372390747070312
26.372390747070312
26.372390747070312
26.372390747070312
26.372390747070312
26.372390747070312
26.372390747070312
26.372390747070312
26.372390747070312
26.372390747070312
26.372390747070312
26.541175842285156
26.710487365722656
26.710487365722656
26.710487365722656
26.710487365722656
26.710487365722656
26.710487365722656
26.710487365722656
26.710487365722656
26.710487365722656
26.710487365722656
26.710487365722656
26.710487365722656
26.710487365722656
26.878997802734375
27.04840087890625
27.04840087890625
27.04840087890625
27.04840087890625
27.04840087890625
27.04840087890625
27.04840087890625
27.04840087890625
27.04840087890625
27.04840087890625
27.216934204101562
27.386085510253906
27.55469512939453
27.55469512939453
27.55469512939453
27.55469512939453
27.55469512939453
27.55469512939453
27.55469512939453
27.55469512939453
27.55469512939453
27.55469512939453
27.55469512939453
27.55469512939453
27.55469512939453
27.55469512939453
27.724014282226562
27.724014282226562
27.724014282226562
27.724014282226562
27.724014282226562
27.724014282226562
27.724014282226562
27.724014282226562
27.878677368164062
28.06195831298828
28.230621337890625
28.230621337890625
28.230621337890625
28.230621337890625
28.230621337890625
28.230621337890625
28.230621337890625
28.230621337890625
28.230621337890625
28.230621337890625
28.230621337890625
28.230621337890625
28.230621337890625
28.230621337890625
28.230621337890625
28.40003204345703
28.56841278076172
28.56841278076172
28.56841278076172
28.56841278076172
28.56841278076172
28.56841278076172
28.56841278076172
28.56841278076172
28.737998962402344
28.948928833007812
28.948928833007812
28.948928833007812
28.948928833007812
28.948928833007812
28.948928833007812
28.948928833007812
28.948928833007812
28.948928833007812
28.948928833007812
28.948928833007812
28.948928833007812
28.948928833007812
29.1181640625
29.286468505859375
29.286468505859375
29.286468505859375
29.286468505859375
29.286468505859375
29.286468505859375
29.286468505859375
29.286468505859375
29.286468505859375
29.455947875976562
29.624183654785156
29.624183654785156
29.624183654785156
29.624183654785156
29.624183654785156
29.624183654785156
29.624183654785156
29.624183654785156
29.624183654785156
29.624183654785156
29.624183654785156
29.624183654785156
29.624183654785156
29.624183654785156
29.79364776611328
29.96240234375
29.96240234375
29.96240234375
29.96240234375
29.96240234375
29.96240234375
29.96240234375
29.96240234375
29.96240234375
29.96240234375
29.96240234375
3.0576324462890625
3.0576324462890625
3.0576324462890625
3.0576324462890625
3.0576324462890625
3.0576324462890625
3.0576324462890625
3.0576324462890625
3.226776123046875
3.3953704833984375
3.564453125
3.564453125
3.564453125
3.564453125
3.564453125
3.564453125
3.564453125
3.564453125
3.564453125
3.564453125
3.564453125
3.564453125
3.564453125
3.564453125
3.564453125
3.7330093383789062
3.9022979736328125
30.131851196289062
30.300140380859375
30.469215393066406
30.652076721191406
30.652076721191406
30.652076721191406
30.652076721191406
30.652076721191406
30.652076721191406
30.652076721191406
30.652076721191406
30.652076721191406
30.652076721191406
30.652076721191406
30.652076721191406
30.652076721191406
30.652076721191406
30.652076721191406
30.652076721191406
30.652076721191406
30.652076721191406
30.652076721191406
30.652076721191406
30.652076721191406
30.82166290283203
30.975730895996094
31.145286560058594
31.31391143798828
31.31391143798828
31.31391143798828
31.31391143798828
31.31391143798828
31.31391143798828
31.31391143798828
31.31391143798828
31.31391143798828
31.31391143798828
31.31391143798828
31.31391143798828
31.31391143798828
31.31391143798828
31.31391143798828
31.31391143798828
31.31391143798828
31.31391143798828
31.483505249023438
31.652069091796875
31.652069091796875
31.652069091796875
31.652069091796875
31.652069091796875
31.652069091796875
31.652069091796875
31.652069091796875
31.652069091796875
31.652069091796875
31.652069091796875
31.821266174316406
31.989967346191406
32.15946960449219
32.32782745361328
32.4970703125
32.4970703125
32.4970703125
32.4970703125
32.4970703125
32.4970703125
32.4970703125
32.4970703125
32.4970703125
32.4970703125
32.4970703125
32.4970703125
32.4970703125
32.4970703125
32.4970703125
32.4970703125
32.4970703125
32.4970703125
32.4970703125
32.4970703125
32.4970703125
32.4970703125
32.4970703125
32.4970703125
32.4970703125
32.4970703125
32.665565490722656
32.83448028564453
33.00323486328125
33.17261505126953
33.17261505126953
33.17261505126953
33.17261505126953
33.17261505126953
33.17261505126953
33.17261505126953
33.17261505126953
33.17261505126953
33.17261505126953
33.17261505126953
33.17261505126953
33.17261505126953
33.17261505126953
33.17261505126953
33.17261505126953
33.17261505126953
33.17261505126953
33.17261505126953
33.17261505126953
33.17261505126953
33.34136199951172
33.49681091308594
33.49681091308594
33.49681091308594
33.49681091308594
33.49681091308594
33.49681091308594
33.49681091308594
33.49681091308594
33.49681091308594
33.49681091308594
33.49681091308594
33.65129852294922
33.82051086425781
33.974876403808594
34.14423370361328
34.326873779296875
34.326873779296875
34.326873779296875
34.326873779296875
34.326873779296875
34.326873779296875
34.326873779296875
34.326873779296875
34.326873779296875
34.326873779296875
34.326873779296875
34.326873779296875
34.326873779296875
34.326873779296875
34.326873779296875
34.326873779296875
34.326873779296875
34.326873779296875
34.326873779296875
34.326873779296875
34.326873779296875
34.326873779296875
34.326873779296875
34.326873779296875
34.326873779296875
34.482139587402344
34.650779724121094
34.82018280029297
34.988800048828125
34.988800048828125
34.988800048828125
34.988800048828125
34.988800048828125
34.988800048828125
34.988800048828125
34.988800048828125
34.988800048828125
34.988800048828125
34.988800048828125
34.988800048828125
34.988800048828125
34.988800048828125
34.988800048828125
34.988800048828125
34.988800048828125
34.988800048828125
34.988800048828125
34.988800048828125
34.988800048828125
34.988800048828125
35.15803527832031
35.326133728027344
35.326133728027344
35.326133728027344
35.326133728027344
35.326133728027344
35.326133728027344
35.326133728027344
35.326133728027344
35.326133728027344
35.326133728027344
35.495704650878906
35.664573669433594
35.664573669433594
35.664573669433594
35.664573669433594
35.664573669433594
35.664573669433594
35.664573669433594
35.664573669433594
35.664573669433594
35.664573669433594
35.664573669433594
35.664573669433594
35.83385467529297
36.00238037109375
36.00238037109375
36.00238037109375
36.00238037109375
36.00238037109375
36.00238037109375
36.00238037109375
36.00238037109375
36.00238037109375
36.00238037109375
36.00238037109375
36.171661376953125
36.34007263183594
36.50938415527344
36.67778015136719
36.67778015136719
36.67778015136719
36.67778015136719
36.67778015136719
36.67778015136719
36.67778015136719
36.67778015136719
36.67778015136719
36.67778015136719
36.67778015136719
36.67778015136719
36.67778015136719
36.67778015136719
36.67778015136719
36.67778015136719
36.67778015136719
36.67778015136719
36.67778015136719
36.67778015136719
36.67778015136719
36.84751892089844
37.002174377441406
37.002174377441406
37.002174377441406
37.002174377441406
37.002174377441406
37.002174377441406
37.002174377441406
37.002174377441406
37.002174377441406
37.002174377441406
37.002174377441406
37.18541717529297
37.35376739501953
37.35376739501953
37.35376739501953
37.35376739501953
37.35376739501953
37.35376739501953
37.35376739501953
37.35376739501953
37.35376739501953
37.35376739501953
37.35376739501953
37.35376739501953
37.522987365722656
37.677330017089844
37.677330017089844
37.677330017089844
37.677330017089844
37.677330017089844
37.677330017089844
37.677330017089844
37.677330017089844
37.677330017089844
37.677330017089844
37.86078643798828
38.02955627441406
38.199119567871094
38.199119567871094
38.199119567871094
38.199119567871094
38.199119567871094
38.199119567871094
38.199119567871094
38.199119567871094
38.199119567871094
38.199119567871094
38.199119567871094
38.199119567871094
38.199119567871094
38.3818359375
38.55125427246094
38.55125427246094
38.55125427246094
38.55125427246094
38.55125427246094
38.55125427246094
38.55125427246094
38.55125427246094
38.55125427246094
38.55125427246094
38.55125427246094
38.55125427246094
38.55125427246094
38.705726623535156
38.705726623535156
38.705726623535156
38.705726623535156
38.705726623535156
38.705726623535156
38.705726623535156
38.874916076660156
39.04359436035156
39.21295166015625
39.21295166015625
39.21295166015625
39.21295166015625
39.21295166015625
39.21295166015625
39.21295166015625
39.21295166015625
39.21295166015625
39.21295166015625
39.21295166015625
39.21295166015625
39.21295166015625
39.21295166015625
39.21295166015625
39.21295166015625
39.381187438964844
39.53633117675781
39.53633117675781
39.53633117675781
39.53633117675781
39.53633117675781
39.53633117675781
39.53633117675781
39.53633117675781
39.53633117675781
39.53633117675781
39.53633117675781
39.69087219238281
39.86015319824219
39.86015319824219
39.86015319824219
39.86015319824219
39.86015319824219
39.86015319824219
39.86015319824219
39.86015319824219
39.86015319824219
39.86015319824219
39.86015319824219
4.071075439453125
4.240623474121094
4.240623474121094
4.240623474121094
4.240623474121094
4.240623474121094
4.240623474121094
4.240623474121094
4.240623474121094
4.240623474121094
4.240623474121094
4.240623474121094
4.240623474121094
4.240623474121094
4.240623474121094
4.240623474121094
4.240623474121094
4.240623474121094
4.240623474121094
4.240623474121094
4.240623474121094
4.240623474121094
4.240623474121094
4.409599304199219
4.564750671386719
4.7474822998046875
4.9163360595703125
4.9163360595703125
4.9163360595703125
4.9163360595703125
4.9163360595703125
4.9163360595703125
4.9163360595703125
4.9163360595703125
4.9163360595703125
4.9163360595703125
4.9163360595703125
4.9163360595703125
4.9163360595703125
4.9163360595703125
4.9163360595703125
4.9163360595703125
4.9163360595703125
4.9163360595703125
4.9163360595703125
4.9163360595703125
4.9163360595703125
40.02854919433594
40.19763946533203
40.19763946533203
40.19763946533203
40.19763946533203
40.19763946533203
40.19763946533203
40.19763946533203
40.19763946533203
40.19763946533203
40.19763946533203
40.19763946533203
40.352691650390625
40.522315979003906
40.522315979003906
40.522315979003906
40.522315979003906
40.522315979003906
40.522315979003906
40.522315979003906
40.522315979003906
40.522315979003906
40.522315979003906
40.522315979003906
40.69065856933594
40.859764099121094
40.859764099121094
40.859764099121094
40.859764099121094
40.859764099121094
40.859764099121094
40.859764099121094
40.859764099121094
40.859764099121094
40.859764099121094
40.859764099121094
40.859764099121094
41.02837371826172
41.19774627685547
41.19774627685547
41.19774627685547
41.19774627685547
41.19774627685547
41.19774627685547
41.19774627685547
41.19774627685547
41.19774627685547
41.19774627685547
41.380470275878906
41.54985809326172
41.70464324951172
41.70464324951172
41.70464324951172
41.70464324951172
41.70464324951172
41.70464324951172
41.70464324951172
41.70464324951172
41.70464324951172
41.70464324951172
41.70464324951172
41.70464324951172
41.70464324951172
41.88788604736328
42.05614471435547
42.05614471435547
42.05614471435547
42.05614471435547
42.05614471435547
42.05614471435547
42.05614471435547
42.05614471435547
42.05614471435547
42.05614471435547
42.05614471435547
42.05614471435547
42.05614471435547
42.21002197265625
42.375
42.375
42.375
42.375
42.375
42.375
42.375
42.375
42.375
42.53710174560547
42.69390869140625
42.69390869140625
42.69390869140625
42.69390869140625
42.69390869140625
42.69390869140625
42.69390869140625
42.69390869140625
42.69390869140625
42.69390869140625
42.69390869140625
42.69390869140625
42.69390869140625
42.69390869140625
42.84681701660156
42.99375915527344
42.99375915527344
42.99375915527344
42.99375915527344
42.99375915527344
42.99375915527344
42.99375915527344
42.99375915527344
42.99375915527344
42.99375915527344
42.99375915527344
43.135986328125
43.27301025390625
43.27301025390625
43.27301025390625
43.27301025390625
43.27301025390625
43.27301025390625
43.27301025390625
43.27301025390625
43.27301025390625
43.27301025390625
43.27301025390625
43.405120849609375
43.53211975097656
43.654144287109375
43.654144287109375
43.654144287109375
43.654144287109375
43.654144287109375
43.654144287109375
43.654144287109375
43.654144287109375
43.654144287109375
43.654144287109375
43.654144287109375
43.654144287109375
43.654144287109375
43.654144287109375
43.654144287109375
43.77142333984375
43.77142333984375
43.77142333984375
43.77142333984375
43.77142333984375
43.77142333984375
43.77142333984375
43.88365173339844
43.99073791503906
43.99073791503906
43.99073791503906
43.99073791503906
43.99073791503906
43.99073791503906
43.99073791503906
43.99073791503906
43.99073791503906
43.99073791503906
43.99073791503906
44.09266662597656
44.197235107421875
44.197235107421875
44.197235107421875
44.197235107421875
44.197235107421875
44.197235107421875
44.197235107421875
44.197235107421875
44.197235107421875
44.197235107421875
44.197235107421875
44.281585693359375
44.368011474609375
44.45001220703125
44.45001220703125
44.45001220703125
44.45001220703125
44.45001220703125
44.45001220703125
44.45001220703125
44.45001220703125
44.45001220703125
44.45001220703125
44.45001220703125
44.45001220703125
44.45001220703125
44.52656555175781
44.59858703613281
44.59858703613281
44.59858703613281
44.59858703613281
44.59858703613281
44.59858703613281
44.59858703613281
44.59858703613281
44.59858703613281
44.59858703613281
44.59858703613281
44.59858703613281
44.59858703613281
44.665557861328125
44.72749328613281
44.72749328613281
44.72749328613281
44.72749328613281
44.72749328613281
44.72749328613281
44.72749328613281
44.72749328613281
44.72749328613281
44.78407287597656
44.83558654785156
44.83558654785156
44.83558654785156
44.83558654785156
44.83558654785156
44.83558654785156
44.83558654785156
44.83558654785156
44.83558654785156
44.83558654785156
44.83558654785156
44.83558654785156
44.83558654785156
44.88166809082031
44.92350769042969
44.92350769042969
44.92350769042969
44.92350769042969
44.92350769042969
44.92350769042969
44.92350769042969
44.92350769042969
44.92350769042969
44.95964050292969
44.99089050292969
44.99089050292969
44.99089050292969
44.99089050292969
44.99089050292969
44.99089050292969
44.99089050292969
44.99089050292969
44.99089050292969
44.99089050292969
44.99089050292969
44.99089050292969
44.99089050292969
45.01750183105469
45.039215087890625
45.039215087890625
45.039215087890625
45.039215087890625
45.039215087890625
45.039215087890625
45.039215087890625
45.039215087890625
45.039215087890625
45.039215087890625
45.039215087890625
45.055908203125
45.06593322753906
45.06593322753906
45.06593322753906
45.06593322753906
45.06593322753906
45.06593322753906
45.06593322753906
45.06593322753906
45.06593322753906
45.06593322753906
45.06593322753906
45.073028564453125
45.076751708984375
45.078155517578125
45.078155517578125
45.078155517578125
45.078155517578125
45.078155517578125
45.078155517578125
45.078155517578125
45.078155517578125
45.078155517578125
45.078155517578125
45.078155517578125
45.078155517578125
45.078155517578125
45.078155517578125
45.078155517578125
45.078521728515625
45.078521728515625
45.078521728515625
45.078521728515625
45.078521728515625
45.078521728515625
45.078521728515625
45.07868957519531
45.07881164550781
45.078948974609375
45.078948974609375
45.078948974609375
45.078948974609375
45.078948974609375
45.078948974609375
45.078948974609375
45.078948974609375
45.078948974609375
45.078948974609375
45.078948974609375
45.078948974609375
45.078948974609375
45.078948974609375
45.078948974609375
45.079132080078125
45.079132080078125
45.079132080078125
45.079132080078125
45.079132080078125
45.079132080078125
45.079132080078125
45.079132080078125
45.079345703125
45.07942199707031
45.079498291015625
45.07958984375
45.07958984375
45.07958984375
45.07958984375
45.07958984375
45.07958984375
45.07958984375
45.07958984375
45.07958984375
45.07958984375
45.07958984375
45.07958984375
45.07958984375
45.07958984375
45.07958984375
45.07958984375
45.07958984375
45.07965087890625
45.07969665527344
45.07969665527344
45.07969665527344
45.07969665527344
45.07969665527344
45.07969665527344
45.07969665527344
45.07975769042969
45.07981872558594
45.07981872558594
45.07981872558594
45.07981872558594
45.07981872558594
45.07981872558594
45.07981872558594
45.07981872558594
45.07981872558594
45.07981872558594
45.07981872558594
45.07981872558594
45.07981872558594
45.07981872558594
45.079864501953125
45.07991027832031
45.07991027832031
45.07991027832031
45.07991027832031
45.07991027832031
45.07991027832031
45.07991027832031
45.07991027832031
45.07991027832031
45.07991027832031
45.07994079589844
45.08000183105469
45.08003234863281
45.080078125
45.080108642578125
45.080108642578125
45.080108642578125
45.080108642578125
45.080108642578125
45.080108642578125
45.080108642578125
45.080108642578125
45.080108642578125
45.080108642578125
45.080108642578125
45.080108642578125
45.080108642578125
45.080108642578125
45.080108642578125
45.080108642578125
45.080108642578125
45.080108642578125
45.080108642578125
45.080108642578125
45.080108642578125
45.080108642578125
45.080108642578125
45.080108642578125
45.08012390136719
45.080169677734375
45.0802001953125
45.080230712890625
45.080230712890625
45.080230712890625
45.080230712890625
45.080230712890625
45.080230712890625
45.080230712890625
45.080230712890625
45.080230712890625
45.080230712890625
45.080230712890625
45.080230712890625
45.080230712890625
45.080230712890625
45.080230712890625
45.080230712890625
45.080230712890625
45.080230712890625
45.080230712890625
45.080230712890625
45.08026123046875
45.08026123046875
45.08026123046875
45.08026123046875
45.08026123046875
45.08026123046875
45.08027648925781
45.08030700683594
45.080322265625
45.08033752441406
45.08036804199219
45.08036804199219
45.08036804199219
45.08036804199219
45.08036804199219
45.08036804199219
45.08036804199219
45.08036804199219
45.08036804199219
45.08036804199219
45.08036804199219
45.08036804199219
45.08036804199219
45.08036804199219
45.08036804199219
45.08036804199219
45.08036804199219
45.08036804199219
45.08038330078125
45.08039855957031
45.080413818359375
45.08042907714844
45.08042907714844
45.08042907714844
45.08042907714844
45.08042907714844
45.08042907714844
45.08042907714844
45.08042907714844
45.08042907714844
45.08042907714844
45.08042907714844
45.08042907714844
45.08042907714844
45.08042907714844
45.08042907714844
45.08042907714844
45.08042907714844
45.08042907714844
45.0804443359375
45.080474853515625
45.080474853515625
45.080474853515625
45.080474853515625
45.080474853515625
45.080474853515625
45.080474853515625
45.080474853515625
45.080474853515625
45.080474853515625
45.080474853515625
45.080474853515625
45.080474853515625
45.080474853515625
45.080474853515625
45.080474853515625
45.080474853515625
45.080474853515625
45.08049011230469
45.08050537109375
45.08050537109375
45.08050537109375
45.08050537109375
45.08050537109375
45.08050537109375
45.08050537109375
45.08050537109375
45.08050537109375
45.08050537109375
45.08052062988281
45.08052062988281
45.08052062988281
45.08052062988281
45.08052062988281
45.08052062988281
45.08052062988281
45.08052062988281
45.08052062988281
45.08052062988281
45.08052062988281
45.08052062988281
45.08052062988281
45.08052062988281
45.08052062988281
45.08052062988281
45.08052062988281
45.08052062988281
45.08052062988281
45.08052062988281
45.08052062988281
45.08052062988281
45.08052062988281
45.08052062988281
45.08052062988281
45.08052062988281
45.08052062988281
45.08052062988281
45.08052062988281
45.08052062988281
45.08052062988281
45.08052062988281
45.08052062988281
45.08052062988281
45.08052062988281
45.08052062988281
45.08052062988281
45.08052062988281
45.08052062988281
45.08052062988281
45.08052062988281
45.08052062988281
45.08052062988281
45.08052062988281
45.08052062988281
45.08052062988281
45.08052062988281
45.08052062988281
45.08052062988281
45.08052062988281
45.08052062988281
45.08052062988281
45.08052062988281
45.08052062988281
45.08052062988281
45.08052062988281
45.08052062988281
45.08052062988281
45.08052062988281
45.08052062988281
45.08052062988281
45.08052062988281
45.08052062988281
45.08052062988281
45.08052062988281
45.08052062988281
45.08052062988281
45.08052062988281
45.08052062988281
45.08052062988281
45.08052062988281
45.08052062988281
45.08052062988281
45.08052062988281
45.08052062988281
45.08052062988281
45.08052062988281
45.08052062988281
45.08052062988281
45.08052062988281
45.08052062988281
45.08052062988281
45.08052062988281
45.08052062988281
45.08052062988281
45.08052062988281
45.08052062988281
45.08052062988281
45.08052062988281
45.08052062988281
45.08052062988281
45.08052062988281
45.08052062988281
45.08052062988281
45.08052062988281
45.08052062988281
45.08052062988281
45.08052062988281
45.08052062988281
45.08052062988281
45.08052062988281
45.08052062988281
45.08052062988281
45.08052062988281
45.08052062988281
45.08052062988281
45.08052062988281
45.08052062988281
45.08052062988281
45.08052062988281
45.08052062988281
45.08052062988281
45.08052062988281
45.08052062988281
45.08052062988281
45.08052062988281
45.08052062988281
45.08052062988281
45.08052062988281
45.08052062988281
45.08052062988281
45.08052062988281
45.08052062988281
45.08052062988281
45.08052062988281
45.08052062988281
45.08052062988281
45.08052062988281
45.08052062988281
45.08052062988281
45.08052062988281
45.08052062988281
45.08052062988281
45.08052062988281
45.08052062988281
45.08052062988281
45.08052062988281
45.08052062988281
45.08052062988281
45.08052062988281
45.08052062988281
45.08052062988281
45.08052062988281
45.08052062988281
45.08052062988281
45.08052062988281
45.08052062988281
45.08052062988281
45.08052062988281
45.08052062988281
45.08052062988281
45.08052062988281
45.08052062988281
45.08052062988281
45.08052062988281
45.08052062988281
45.08052062988281
45.08052062988281
45.08052062988281
45.08052062988281
45.08052062988281
45.08052062988281
45.08052062988281
45.08052062988281
45.08052062988281
45.08052062988281
45.08052062988281
45.08052062988281
45.08052062988281
45.08052062988281
45.08052062988281
45.08052062988281
45.08052062988281
45.08052062988281
45.08052062988281
45.08052062988281
45.08052062988281
45.08052062988281
45.08052062988281
45.08052062988281
45.08052062988281
45.08052062988281
45.08052062988281
45.08052062988281
45.08052062988281
45.08052062988281
45.08052062988281
45.08052062988281
45.08052062988281
45.08052062988281
45.08052062988281
45.08052062988281
45.08052062988281
45.08052062988281
45.08052062988281
45.08052062988281
45.08052062988281
45.08052062988281
45.08052062988281
45.08052062988281
45.08052062988281
45.08052062988281
45.08052062988281
45.08052062988281
45.08052062988281
45.08052062988281
45.08052062988281
45.08052062988281
45.08052062988281
45.08052062988281
45.08052062988281
45.08052062988281
45.08052062988281
45.08052062988281
45.08052062988281
45.08052062988281
45.08052062988281
45.08052062988281
45.08052062988281
45.08052062988281
45.08052062988281
45.08052062988281
45.08052062988281
45.08052062988281
45.08052062988281
45.08052062988281
45.08052062988281
45.08052062988281
45.08052062988281
45.08052062988281
45.08052062988281
45.08052062988281
45.08052062988281
45.08052062988281
45.08052062988281
45.08052062988281
45.08052062988281
45.08052062988281
45.08052062988281
45.08052062988281
45.08052062988281
45.08052062988281
45.08052062988281
45.08052062988281
45.08052062988281
45.08052062988281
45.08052062988281
45.08052062988281
45.08052062988281
45.08052062988281
45.08052062988281
45.08052062988281
45.08052062988281
45.08052062988281
45.08052062988281
45.08052062988281
45.08052062988281
45.08052062988281
45.08052062988281
45.08052062988281
45.08052062988281
45.08052062988281
45.08052062988281
45.08052062988281
45.08052062988281
45.08052062988281
45.08052062988281
45.08052062988281
45.08052062988281
45.08052062988281
45.08052062988281
45.08052062988281
45.08052062988281
45.08052062988281
45.08052062988281
45.08052062988281
45.08052062988281
45.08052062988281
45.08052062988281
45.08052062988281
45.08052062988281
45.08052062988281
45.08052062988281
45.08052062988281
45.08052062988281
45.08052062988281
45.08052062988281
45.08052062988281
45.08052062988281
45.08052062988281
45.08052062988281
45.08052062988281
45.08052062988281
45.08052062988281
45.08052062988281
45.08052062988281
45.08052062988281
45.08052062988281
45.08052062988281
45.08052062988281
45.08052062988281
45.08052062988281
45.08052062988281
45.08052062988281
45.08052062988281
45.08052062988281
45.08052062988281
45.08052062988281
45.08052062988281
45.08052062988281
45.08052062988281
45.08052062988281
45.08052062988281
45.08052062988281
45.08052062988281
45.08052062988281
45.08052062988281
45.08052062988281
45.08052062988281
45.08052062988281
45.08052062988281
45.08052062988281
45.08052062988281
45.08052062988281
45.08052062988281
45.08052062988281
45.08052062988281
45.08052062988281
45.08052062988281
45.08052062988281
45.08052062988281
45.08052062988281
45.08052062988281
45.08052062988281
45.08052062988281
45.08052062988281
45.08052062988281
45.08052062988281
45.08052062988281
45.08052062988281
45.08052062988281
45.08052062988281
45.08052062988281
45.08052062988281
45.08052062988281
45.08052062988281
45.08052062988281
45.08052062988281
45.08052062988281
45.08052062988281
45.08052062988281
45.08052062988281
45.08052062988281
45.08052062988281
45.08052062988281
45.08052062988281
45.08052062988281
45.08052062988281
45.08052062988281
45.08052062988281
45.08052062988281
45.08052062988281
45.08052062988281
45.08052062988281
45.08052062988281
45.08052062988281
45.08052062988281
45.08052062988281
45.08052062988281
45.08052062988281
45.08052062988281
45.08052062988281
45.08052062988281
45.08052062988281
45.08052062988281
45.08052062988281
45.08052062988281
45.08052062988281
45.08052062988281
45.08052062988281
45.08052062988281
45.08052062988281
45.08052062988281
45.08052062988281
45.08052062988281
45.08052062988281
45.08052062988281
45.08052062988281
45.08052062988281
45.08052062988281
45.08052062988281
45.08052062988281
45.08052062988281
45.08052062988281
45.08052062988281
45.08052062988281
45.08052062988281
45.08052062988281
45.08052062988281
45.08052062988281
45.08052062988281
45.08052062988281
45.08052062988281
45.08052062988281
45.08052062988281
45.08052062988281
45.08052062988281
45.08052062988281
45.08052062988281
45.08052062988281
45.08052062988281
45.08052062988281
45.08052062988281
45.08052062988281
45.08052062988281
45.08052062988281
45.08052062988281
45.08052062988281
45.08052062988281
45.08052062988281
45.08052062988281
45.08052062988281
45.08052062988281
45.08052062988281
45.08052062988281
45.08052062988281
45.08052062988281
45.08052062988281
45.08052062988281
45.08052062988281
45.08052062988281
45.08052062988281
45.08052062988281
45.08052062988281
45.08052062988281
45.08052062988281
45.08052062988281
45.08052062988281
45.08052062988281
45.08052062988281
45.08052062988281
45.08052062988281
45.08052062988281
45.08052062988281
45.08052062988281
45.08052062988281
45.08052062988281
45.08052062988281
45.080535888671875
45.080535888671875
45.080535888671875
45.080535888671875
45.080535888671875
45.080535888671875
45.080535888671875
45.080535888671875
45.080535888671875
45.080535888671875
45.080535888671875
45.080535888671875
45.080535888671875
45.080535888671875
45.080535888671875
45.080535888671875
45.080535888671875
45.080535888671875
45.080535888671875
45.080535888671875
45.080535888671875
45.080535888671875
45.080535888671875
45.080535888671875
45.080535888671875
45.080535888671875
45.080535888671875
45.080535888671875
45.080535888671875
45.080535888671875
45.080535888671875
45.080535888671875
45.080535888671875
45.080535888671875
45.080535888671875
45.080535888671875
45.080535888671875
45.080535888671875
45.080535888671875
45.080535888671875
45.080535888671875
45.080535888671875
45.080535888671875
45.080535888671875
45.080535888671875
45.080535888671875
45.080535888671875
45.080535888671875
45.08055114746094
45.08055114746094
45.08055114746094
45.08055114746094
45.08055114746094
45.08055114746094
45.08055114746094
45.08055114746094
45.08055114746094
45.08055114746094
5.0849456787109375
5.254356384277344
5.4227447509765625
5.4227447509765625
5.4227447509765625
5.4227447509765625
5.4227447509765625
5.4227447509765625
5.4227447509765625
5.4227447509765625
5.4227447509765625
5.4227447509765625
5.4227447509765625
5.4227447509765625
5.4227447509765625
5.4227447509765625
5.591888427734375
5.760711669921875
5.944206237792969
6.112586975097656
6.112586975097656
6.112586975097656
6.112586975097656
6.112586975097656
6.112586975097656
6.112586975097656
6.112586975097656
6.112586975097656
6.112586975097656
6.112586975097656
6.112586975097656
6.112586975097656
6.112586975097656
6.112586975097656
6.112586975097656
6.112586975097656
6.112586975097656
6.112586975097656
6.112586975097656
6.112586975097656
6.112586975097656
6.267974853515625
6.436851501464844
6.605865478515625
6.774650573730469
6.774650573730469
6.774650573730469
6.774650573730469
6.774650573730469
6.774650573730469
6.774650573730469
6.774650573730469
6.774650573730469
6.774650573730469
6.774650573730469
6.774650573730469
6.774650573730469
6.774650573730469
6.774650573730469
6.774650573730469
6.774650573730469
6.774650573730469
6.774650573730469
6.774650573730469
6.774650573730469
6.930137634277344
7.112724304199219
7.112724304199219
7.112724304199219
7.112724304199219
7.112724304199219
7.112724304199219
7.112724304199219
7.112724304199219
7.112724304199219
7.112724304199219
7.112724304199219
7.2816925048828125
7.450157165527344
7.450157165527344
7.450157165527344
7.450157165527344
7.450157165527344
7.450157165527344
7.450157165527344
7.450157165527344
7.450157165527344
7.450157165527344
7.450157165527344
7.619499206542969
7.84454345703125
7.84454345703125
7.84454345703125
7.84454345703125
7.84454345703125
7.84454345703125
7.84454345703125
7.84454345703125
7.84454345703125
7.84454345703125
7.84454345703125
7.9994964599609375
8.168434143066406
8.168434143066406
8.168434143066406
8.168434143066406
8.168434143066406
8.168434143066406
8.168434143066406
8.168434143066406
8.168434143066406
8.168434143066406
8.168434143066406
8.337249755859375
8.505989074707031
8.505989074707031
8.505989074707031
8.505989074707031
8.505989074707031
8.505989074707031
8.505989074707031
8.505989074707031
8.505989074707031
8.505989074707031
8.505989074707031
8.674964904785156
8.843963623046875
8.843963623046875
8.843963623046875
8.843963623046875
8.843963623046875
8.843963623046875
8.843963623046875
8.843963623046875
8.843963623046875
8.843963623046875
8.843963623046875
9.012664794921875
9.181930541992188
9.181930541992188
9.181930541992188
9.181930541992188
9.181930541992188
9.181930541992188
9.181930541992188
9.181930541992188
9.181930541992188
9.181930541992188
9.181930541992188
9.181930541992188
9.35107421875
9.519805908203125
9.688873291015625
9.688873291015625
9.688873291015625
9.688873291015625
9.688873291015625
9.688873291015625
9.688873291015625
9.688873291015625
9.688873291015625
9.688873291015625
9.688873291015625
9.688873291015625
9.688873291015625
9.688873291015625
9.857582092285156
