-15.1746826171875
-15.1746826171875
-15.174674987792969
-15.174674987792969
-15.174674987792969
-15.174674987792969
-15.1746826171875
-15.1746826171875
-15.1746826171875
-15.1746826171875
-15.1746826171875
-15.1746826171875
-15.1746826171875
-15.1746826171875
-15.1746826171875
-15.174674987792969
-15.174667358398438
-15.174667358398438
-15.174667358398438
-15.174667358398438
-15.174667358398438
-15.174667358398438
-15.174667358398438
-15.174667358398438
-15.174667358398438
-15.174674987792969
-15.174674987792969
-15.174674987792969
-15.174667358398438
-15.174674987792969
-15.174674987792969
-15.174674987792969
-15.174674987792969
-15.174674987792969
-15.174674987792969
-15.174674987792969
-15.174674987792969
-15.174674987792969
-15.174674987792969
-15.174674987792969
-15.174674987792969
-15.174674987792969
-15.174674987792969
-15.174674987792969
-15.174667358398438
-15.1746826171875
-15.174667358398438
-15.174667358398438
-15.174667358398438
-15.174667358398438
-15.174667358398438
-15.174667358398438
-15.174667358398438
-15.174667358398438
-15.174667358398438
-15.174667358398438
-15.174667358398438
-15.174667358398438
-15.174667358398438
-15.174667358398438
-15.174667358398438
-15.174667358398438
-15.174667358398438
-15.174667358398438
-15.174674987792969
-15.174667358398438
-15.174667358398438
-15.174667358398438
-15.174667358398438
-15.174667358398438
-15.174667358398438
-15.174667358398438
-15.174667358398438
-15.174674987792969
-15.174674987792969
-15.174674987792969
-15.174674987792969
-15.174674987792969
-15.174674987792969
-15.174674987792969
-15.174674987792969
-15.174674987792969
-15.174674987792969
-15.174674987792969
-15.174667358398438
-15.174667358398438
-15.174667358398438
-15.174667358398438
-15.174667358398438
-15.174667358398438
-15.174667358398438
-15.174667358398438
-15.174667358398438
-15.174667358398438
-15.174667358398438
-15.174667358398438
-15.174667358398438
-15.174667358398438
-15.174667358398438
-15.174667358398438
-15.174674987792969
-15.174674987792969
-15.174674987792969
-15.174674987792969
-15.174674987792969
-15.174674987792969
-15.174674987792969
-15.174674987792969
-15.174667358398438
-15.174667358398438
-15.174667358398438
-15.174667358398438
-15.174667358398438
-15.1746826171875
-15.174667358398438
-15.174667358398438
-15.174667358398438
-15.174667358398438
-15.174667358398438
-15.174667358398438
-15.174667358398438
-15.174667358398438
-15.174667358398438
-15.174667358398438
-15.174667358398438
-15.174667358398438
-15.174873352050781
-15.174880981445312
-15.174880981445312
-15.174880981445312
-15.174880981445312
-15.174880981445312
-15.174880981445312
-15.174880981445312
-15.174888610839844
-15.174888610839844
-15.174888610839844
-15.174888610839844
-15.174888610839844
-15.174888610839844
-15.174888610839844
-15.174888610839844
-15.174888610839844
-15.174888610839844
-15.174873352050781
-15.174873352050781
-15.174873352050781
-15.174873352050781
-15.174873352050781
-15.174873352050781
-15.174873352050781
-15.174873352050781
-15.174880981445312
-15.174873352050781
-15.174873352050781
-15.174873352050781
-15.174873352050781
-15.174873352050781
-15.174873352050781
-15.174873352050781
-15.174873352050781
-15.174873352050781
-15.174873352050781
-15.174888610839844
-15.175033569335938
-15.175033569335938
-15.175033569335938
-15.175033569335938
-15.175033569335938
-15.175033569335938
-15.175033569335938
-15.175033569335938
-15.175033569335938
-15.175033569335938
-15.175033569335938
-15.176071166992188
-15.178749084472656
-15.178749084472656
-15.178749084472656
-15.178749084472656
-15.178749084472656
-15.178749084472656
-15.178749084472656
-15.178749084472656
-15.178749084472656
-15.178749084472656
-15.178749084472656
-15.186286926269531
-15.20159912109375
-15.20159912109375
-15.20159912109375
-15.20159912109375
-15.20159912109375
-15.20159912109375
-15.20159912109375
-15.20159912109375
-15.20159912109375
-15.20159912109375
-15.20159912109375
-15.22979736328125
-15.252471923828125
-15.252471923828125
-15.252471923828125
-15.252471923828125
-15.252471923828125
-15.252471923828125
-15.252471923828125
-15.252471923828125
-15.252471923828125
-15.281898498535156
-15.311882019042969
-15.311882019042969
-15.311882019042969
-15.311882019042969
-15.311882019042969
-15.311882019042969
-15.311882019042969
-15.311882019042969
-15.311882019042969
-15.311882019042969
-15.311882019042969
-15.311882019042969
-15.311882019042969
-15.311882019042969
-15.346054077148438
-15.38275146484375
-15.38275146484375
-15.38275146484375
-15.38275146484375
-15.38275146484375
-15.38275146484375
-15.38275146484375
-15.38275146484375
-15.38275146484375
-15.38275146484375
-15.423774719238281
-15.464439392089844
-15.511154174804688
-15.511154174804688
-15.511154174804688
-15.511154174804688
-15.511154174804688
-15.511154174804688
-15.511154174804688
-15.511154174804688
-15.511154174804688
-15.511154174804688
-15.511154174804688
-15.562423706054688
-15.562423706054688
-15.562423706054688
-15.562423706054688
-15.562423706054688
-15.562423706054688
-15.562423706054688
-15.562423706054688
-15.562423706054688
-15.562423706054688
-15.562423706054688
-15.562423706054688
-15.562423706054688
-15.562423706054688
-15.616981506347656
-15.675010681152344
-15.736686706542969
-15.736686706542969
-15.736686706542969
-15.736686706542969
-15.736686706542969
-15.736686706542969
-15.736686706542969
-15.736686706542969
-15.736686706542969
-15.736686706542969
-15.736686706542969
-15.802009582519531
-15.870582580566406
-15.870582580566406
-15.870582580566406
-15.870582580566406
-15.870582580566406
-15.870582580566406
-15.870582580566406
-15.870582580566406
-15.870582580566406
-15.870582580566406
-15.870582580566406
-15.942893981933594
-16.0189208984375
-16.0189208984375
-16.0189208984375
-16.0189208984375
-16.0189208984375
-16.0189208984375
-16.0189208984375
-16.0189208984375
-16.0189208984375
-16.0189208984375
-16.0189208984375
-16.098472595214844
-16.181869506835938
-16.181869506835938
-16.181869506835938
-16.181869506835938
-16.181869506835938
-16.181869506835938
-16.181869506835938
-16.181869506835938
-16.181869506835938
-16.181869506835938
-16.181869506835938
-16.26837158203125
-16.35882568359375
-16.35882568359375
-16.35882568359375
-16.35882568359375
-16.35882568359375
-16.35882568359375
-16.35882568359375
-16.35882568359375
-16.35882568359375
-16.35882568359375
-16.35882568359375
-16.35882568359375
-16.452972412109375
-16.5509033203125
-16.65233612060547
-16.65233612060547
-16.65233612060547
-16.65233612060547
-16.65233612060547
-16.65233612060547
-16.65233612060547
-16.65233612060547
-16.65233612060547
-16.65233612060547
-16.65233612060547
-16.757362365722656
-16.757362365722656
-16.757362365722656
-16.757362365722656
-16.757362365722656
-16.757362365722656
-16.757362365722656
-16.757362365722656
-16.757362365722656
-16.757362365722656
-16.757362365722656
-16.757362365722656
-16.757362365722656
-16.86585235595703
-16.97797393798828
-16.97797393798828
-16.97797393798828
-16.97797393798828
-16.97797393798828
-16.97797393798828
-16.97797393798828
-16.97797393798828
-16.97797393798828
-16.97797393798828
-17.103347778320312
-17.212203979492188
-17.33203887939453
-17.33203887939453
-17.33203887939453
-17.33203887939453
-17.33203887939453
-17.33203887939453
-17.33203887939453
-17.33203887939453
-17.33203887939453
-17.33203887939453
-17.33203887939453
-17.33203887939453
-17.33203887939453
-17.45336151123047
-17.45336151123047
-17.45336151123047
-17.45336151123047
-17.45336151123047
-17.45336151123047
-17.45336151123047
-17.45336151123047
-17.45336151123047
-17.57476043701172
-17.695877075195312
-17.817001342773438
-17.817001342773438
-17.817001342773438
-17.817001342773438
-17.817001342773438
-17.817001342773438
-17.817001342773438
-17.817001342773438
-17.817001342773438
-17.817001342773438
-17.817001342773438
-17.817001342773438
-17.93852996826172
-17.93852996826172
-17.93852996826172
-17.93852996826172
-17.93852996826172
-17.93852996826172
-17.93852996826172
-17.93852996826172
-17.93852996826172
-17.93852996826172
-18.05970001220703
-18.18109130859375
-18.302352905273438
-18.302352905273438
-18.302352905273438
-18.302352905273438
-18.302352905273438
-18.302352905273438
-18.302352905273438
-18.302352905273438
-18.302352905273438
-18.302352905273438
-18.302352905273438
-18.302352905273438
-18.302352905273438
-18.302352905273438
-18.302352905273438
-18.302352905273438
-18.42353057861328
-18.54486846923828
-18.666397094726562
-18.787567138671875
-18.787567138671875
-18.787567138671875
-18.787567138671875
-18.787567138671875
-18.787567138671875
-18.787567138671875
-18.787567138671875
-18.787567138671875
-18.787567138671875
-18.787567138671875
-18.787567138671875
-18.787567138671875
-18.787567138671875
-18.787567138671875
-18.787567138671875
-18.787567138671875
-18.787567138671875
-18.787567138671875
-18.787567138671875
-18.787567138671875
-18.787567138671875
-18.909149169921875
-19.020538330078125
-19.152015686035156
-19.273483276367188
-19.273483276367188
-19.273483276367188
-19.273483276367188
-19.273483276367188
-19.273483276367188
-19.273483276367188
-19.273483276367188
-19.273483276367188
-19.273483276367188
-19.273483276367188
-19.273483276367188
-19.273483276367188
-19.273483276367188
-19.273483276367188
-19.273483276367188
-19.273483276367188
-19.273483276367188
-19.273483276367188
-19.273483276367188
-19.39501953125
-19.5162353515625
-19.637611389160156
-19.637611389160156
-19.637611389160156
-19.637611389160156
-19.637611389160156
-19.637611389160156
-19.637611389160156
-19.637611389160156
-19.637611389160156
-19.637611389160156
-19.637611389160156
-19.637611389160156
-19.637611389160156
-19.637611389160156
-19.637611389160156
-19.758956909179688
-19.880165100097656
-20.011611938476562
-20.13311767578125
-20.13311767578125
-20.13311767578125
-20.13311767578125
-20.13311767578125
-20.13311767578125
-20.13311767578125
-20.13311767578125
-20.13311767578125
-20.13311767578125
-20.13311767578125
-20.13311767578125
-20.13311767578125
-20.13311767578125
-20.13311767578125
-20.13311767578125
-20.13311767578125
-20.13311767578125
-20.13311767578125
-20.13311767578125
-20.13311767578125
-20.13311767578125
-20.24439239501953
-20.36597442626953
-20.48731231689453
-20.608566284179688
-20.608566284179688
-20.608566284179688
-20.608566284179688
-20.608566284179688
-20.608566284179688
-20.608566284179688
-20.608566284179688
-20.608566284179688
-20.608566284179688
-20.608566284179688
-20.608566284179688
-20.608566284179688
-20.608566284179688
-20.608566284179688
-20.608566284179688
-20.608566284179688
-20.608566284179688
-20.608566284179688
-20.719940185546875
-20.851417541503906
-20.851417541503906
-20.851417541503906
-20.851417541503906
-20.851417541503906
-20.851417541503906
-20.851417541503906
-20.851417541503906
-20.851417541503906
-20.851417541503906
-20.851417541503906
-20.972625732421875
-21.094215393066406
-21.094215393066406
-21.094215393066406
-21.094215393066406
-21.094215393066406
-21.094215393066406
-21.094215393066406
-21.094215393066406
-21.094215393066406
-21.094215393066406
-21.094215393066406
-21.215408325195312
-21.377395629882812
-21.377395629882812
-21.377395629882812
-21.377395629882812
-21.377395629882812
-21.377395629882812
-21.377395629882812
-21.377395629882812
-21.377395629882812
-21.377395629882812
-21.377395629882812
-21.48889923095703
-21.610328674316406
-21.610328674316406
-21.610328674316406
-21.610328674316406
-21.610328674316406
-21.610328674316406
-21.610328674316406
-21.610328674316406
-21.610328674316406
-21.610328674316406
-21.610328674316406
-21.73162078857422
-21.8531494140625
-21.8531494140625
-21.8531494140625
-21.8531494140625
-21.8531494140625
-21.8531494140625
-21.8531494140625
-21.8531494140625
-21.8531494140625
-21.8531494140625
-21.8531494140625
-21.974334716796875
-22.095916748046875
-22.095916748046875
-22.095916748046875
-22.095916748046875
-22.095916748046875
-22.095916748046875
-22.095916748046875
-22.095916748046875
-22.095916748046875
-22.095916748046875
-22.095916748046875
-22.217552185058594
-22.338912963867188
-22.338912963867188
-22.338912963867188
-22.338912963867188
-22.338912963867188
-22.338912963867188
-22.338912963867188
-22.338912963867188
-22.338912963867188
-22.338912963867188
-22.338912963867188
-22.338912963867188
-22.338912963867188
-22.460403442382812
-22.58202362060547
-22.703208923339844
-22.703208923339844
-22.703208923339844
-22.703208923339844
-22.703208923339844
-22.703208923339844
-22.703208923339844
-22.703208923339844
-22.703208923339844
-22.703208923339844
-22.703208923339844
-22.703208923339844
-22.703208923339844
-22.824676513671875
-22.946121215820312
-22.946121215820312
-22.946121215820312
-22.946121215820312
-22.946121215820312
-22.946121215820312
-22.946121215820312
-22.946121215820312
-22.946121215820312
-23.057334899902344
-23.189071655273438
-23.189071655273438
-23.189071655273438
-23.189071655273438
-23.189071655273438
-23.189071655273438
-23.189071655273438
-23.189071655273438
-23.189071655273438
-23.189071655273438
-23.189071655273438
-23.189071655273438
-23.189071655273438
-23.310386657714844
-23.431625366210938
-23.431625366210938
-23.431625366210938
-23.431625366210938
-23.431625366210938
-23.431625366210938
-23.431625366210938
-23.431625366210938
-23.431625366210938
-23.553298950195312
-23.67475128173828
-23.67475128173828
-23.67475128173828
-23.67475128173828
-23.67475128173828
-23.67475128173828
-23.67475128173828
-23.67475128173828
-23.67475128173828
-23.67475128173828
-23.67475128173828
-23.67475128173828
-23.67475128173828
-23.67475128173828
-23.796096801757812
-23.917510986328125
-23.917510986328125
-23.917510986328125
-23.917510986328125
-23.917510986328125
-23.917510986328125
-23.917510986328125
-23.917510986328125
-23.917510986328125
-23.917510986328125
-23.917510986328125
-24.039016723632812
-24.149948120117188
-24.149948120117188
-24.149948120117188
-24.149948120117188
-24.149948120117188
-24.149948120117188
-24.149948120117188
-24.149948120117188
-24.149948120117188
-24.149948120117188
-24.149948120117188
-24.281692504882812
-24.402870178222656
-24.402870178222656
-24.402870178222656
-24.402870178222656
-24.402870178222656
-24.402870178222656
-24.402870178222656
-24.402870178222656
-24.402870178222656
-24.402870178222656
-24.402870178222656
-24.524307250976562
-24.655845642089844
-24.655845642089844
-24.655845642089844
-24.655845642089844
-24.655845642089844
-24.655845642089844
-24.655845642089844
-24.655845642089844
-24.655845642089844
-24.655845642089844
-24.655845642089844
-24.767066955566406
-24.88837432861328
-24.88837432861328
-24.88837432861328
-24.88837432861328
-24.88837432861328
-24.88837432861328
-24.88837432861328
-24.88837432861328
-24.88837432861328
-24.88837432861328
-24.88837432861328
-25.009910583496094
-25.13123321533203
-25.13123321533203
-25.13123321533203
-25.13123321533203
-25.13123321533203
-25.13123321533203
-25.13123321533203
-25.13123321533203
-25.13123321533203
-25.13123321533203
-25.13123321533203
-25.13123321533203
-25.252723693847656
-25.3740234375
-25.49542999267578
-25.49542999267578
-25.49542999267578
-25.49542999267578
-25.49542999267578
-25.49542999267578
-25.49542999267578
-25.49542999267578
-25.49542999267578
-25.49542999267578
-25.49542999267578
-25.49542999267578
-25.616798400878906
-25.73834228515625
-25.73834228515625
-25.73834228515625
-25.73834228515625
-25.73834228515625
-25.73834228515625
-25.73834228515625
-25.73834228515625
-25.73834228515625
-25.73834228515625
-25.73834228515625
-25.73834228515625
-25.73834228515625
-25.85962677001953
-25.981300354003906
-25.981300354003906
-25.981300354003906
-25.981300354003906
-25.981300354003906
-25.981300354003906
-25.981300354003906
-25.981300354003906
-25.981300354003906
-26.102928161621094
-26.214012145996094
-26.214012145996094
-26.214012145996094
-26.214012145996094
-26.214012145996094
-26.214012145996094
-26.214012145996094
-26.214012145996094
-26.214012145996094
-26.214012145996094
-26.214012145996094
-26.214012145996094
-26.214012145996094
-26.214012145996094
-26.325286865234375
-26.44695281982422
-26.44695281982422
-26.44695281982422
-26.44695281982422
-26.44695281982422
-26.44695281982422
-26.44695281982422
-26.44695281982422
-26.44695281982422
-26.44695281982422
-26.44695281982422
-26.567977905273438
-26.679443359375
-26.679443359375
-26.679443359375
-26.679443359375
-26.679443359375
-26.679443359375
-26.679443359375
-26.679443359375
-26.679443359375
-26.679443359375
-26.679443359375
-26.679443359375
-26.80083465576172
-26.922317504882812
-27.043609619140625
-27.043609619140625
-27.043609619140625
-27.043609619140625
-27.043609619140625
-27.043609619140625
-27.043609619140625
-27.043609619140625
-27.043609619140625
-27.043609619140625
-27.043609619140625
-27.043609619140625
-27.043609619140625
-27.155136108398438
-27.155136108398438
-27.155136108398438
-27.155136108398438
-27.155136108398438
-27.155136108398438
-27.155136108398438
-27.155136108398438
-27.28662872314453
-27.408187866210938
-27.408187866210938
-27.408187866210938
-27.408187866210938
-27.408187866210938
-27.408187866210938
-27.408187866210938
-27.408187866210938
-27.408187866210938
-27.408187866210938
-27.408187866210938
-27.408187866210938
-27.529441833496094
-27.650917053222656
-27.650917053222656
-27.650917053222656
-27.650917053222656
-27.650917053222656
-27.650917053222656
-27.650917053222656
-27.650917053222656
-27.650917053222656
-27.650917053222656
-27.650917053222656
-27.77222442626953
-27.893814086914062
-28.015098571777344
-28.015098571777344
-28.015098571777344
-28.015098571777344
-28.015098571777344
-28.015098571777344
-28.015098571777344
-28.015098571777344
-28.015098571777344
-28.015098571777344
-28.015098571777344
-28.015098571777344
-28.136619567871094
-28.25806427001953
-28.25806427001953
-28.25806427001953
-28.25806427001953
-28.25806427001953
-28.25806427001953
-28.25806427001953
-28.25806427001953
-28.25806427001953
-28.25806427001953
-28.25806427001953
-28.25806427001953
-28.25806427001953
-28.369171142578125
-28.48040771484375
-28.48040771484375
-28.48040771484375
-28.48040771484375
-28.48040771484375
-28.48040771484375
-28.48040771484375
-28.48040771484375
-28.48040771484375
-28.60198974609375
-28.713027954101562
-28.713027954101562
-28.713027954101562
-28.713027954101562
-28.713027954101562
-28.713027954101562
-28.713027954101562
-28.713027954101562
-28.713027954101562
-28.713027954101562
-28.713027954101562
-28.713027954101562
-28.713027954101562
-28.713027954101562
-28.713027954101562
-28.8345947265625
-28.966102600097656
-28.966102600097656
-28.966102600097656
-28.966102600097656
-28.966102600097656
-28.966102600097656
-28.966102600097656
-28.966102600097656
-28.966102600097656
-28.966102600097656
-29.077415466308594
-29.198867797851562
-29.198867797851562
-29.198867797851562
-29.198867797851562
-29.198867797851562
-29.198867797851562
-29.198867797851562
-29.198867797851562
-29.198867797851562
-29.198867797851562
-29.198867797851562
-29.198867797851562
-29.32054901123047
-29.44178009033203
-29.56342315673828
-29.56342315673828
-29.56342315673828
-29.56342315673828
-29.56342315673828
-29.56342315673828
-29.56342315673828
-29.56342315673828
-29.56342315673828
-29.56342315673828
-29.56342315673828
-29.56342315673828
-29.56342315673828
-29.694862365722656
-29.694862365722656
-29.694862365722656
-29.694862365722656
-29.694862365722656
-29.694862365722656
-29.694862365722656
-29.694862365722656
-29.694862365722656
-29.80596923828125
-29.927284240722656
-30.04888916015625
-30.04888916015625
-30.04888916015625
-30.04888916015625
-30.04888916015625
-30.04888916015625
-30.04888916015625
-30.04888916015625
-30.04888916015625
-30.04888916015625
-30.04888916015625
-30.04888916015625
-30.04888916015625
-30.04888916015625
-30.04888916015625
-30.17005157470703
-30.29155731201172
-30.29155731201172
-30.29155731201172
-30.29155731201172
-30.29155731201172
-30.29155731201172
-30.29155731201172
-30.29155731201172
-30.29155731201172
-30.29155731201172
-30.41303253173828
-30.534378051757812
-30.534378051757812
-30.534378051757812
-30.534378051757812
-30.534378051757812
-30.534378051757812
-30.534378051757812
-30.534378051757812
-30.534378051757812
-30.534378051757812
-30.534378051757812
-30.534378051757812
-30.65575408935547
-30.77739715576172
-30.77739715576172
-30.77739715576172
-30.77739715576172
-30.77739715576172
-30.77739715576172
-30.77739715576172
-30.77739715576172
-30.77739715576172
-30.77739715576172
-30.898544311523438
-31.08061981201172
-31.08061981201172
-31.08061981201172
-31.08061981201172
-31.08061981201172
-31.08061981201172
-31.08061981201172
-31.08061981201172
-31.08061981201172
-31.08061981201172
-31.384071350097656
-31.384071350097656
-31.384071350097656
-31.384071350097656
-31.384071350097656
-31.384071350097656
-31.384071350097656
-31.60669708251953
-31.60669708251953
-31.60669708251953
-31.60669708251953
-31.60669708251953
-31.60669708251953
-31.900169372558594
-31.900169372558594
-31.900169372558594
-31.900169372558594
-31.900169372558594
-31.900169372558594
-31.900169372558594
-31.900169372558594
-31.900169372558594
-31.900169372558594
-31.900169372558594
-32.02149963378906
-32.14302062988281
-32.14302062988281
-32.14302062988281
-32.14302062988281
-32.14302062988281
-32.14302062988281
-32.14302062988281
-32.14302062988281
-32.14302062988281
-32.264312744140625
-32.38568878173828
-32.50721740722656
-32.50721740722656
-32.50721740722656
-32.50721740722656
-32.50721740722656
-32.50721740722656
-32.50721740722656
-32.50721740722656
-32.50721740722656
-32.50721740722656
-32.50721740722656
-32.62849426269531
-32.62849426269531
-32.62849426269531
-32.62849426269531
-32.62849426269531
-32.62849426269531
-32.62849426269531
-32.62849426269531
-32.62849426269531
-32.62849426269531
-32.62849426269531
-32.750083923339844
-32.871681213378906
-32.99310302734375
-32.99310302734375
-32.99310302734375
-32.99310302734375
-32.99310302734375
-32.99310302734375
-32.99310302734375
-32.99310302734375
-32.99310302734375
-32.99310302734375
-32.99310302734375
-32.99310302734375
-33.11467742919922
-33.11467742919922
-33.11467742919922
-33.11467742919922
-33.11467742919922
-33.11467742919922
-33.11467742919922
-33.11467742919922
-33.11467742919922
-33.11467742919922
-33.236114501953125
-33.35747528076172
-33.48883056640625
-33.48883056640625
-33.48883056640625
-33.48883056640625
-33.48883056640625
-33.48883056640625
-33.48883056640625
-33.48883056640625
-33.48883056640625
-33.48883056640625
-33.48883056640625
-33.48883056640625
-33.48883056640625
-33.60034942626953
-33.60034942626953
-33.60034942626953
-33.60034942626953
-33.60034942626953
-33.60034942626953
-33.60034942626953
-33.60034942626953
-33.73169708251953
-33.85320281982422
-33.9747314453125
-33.9747314453125
-33.9747314453125
-33.9747314453125
-33.9747314453125
-33.9747314453125
-33.9747314453125
-33.9747314453125
-33.9747314453125
-33.9747314453125
-33.9747314453125
-33.9747314453125
-34.08592987060547
-34.207359313964844
-34.207359313964844
-34.207359313964844
-34.207359313964844
-34.207359313964844
-34.207359313964844
-34.207359313964844
-34.207359313964844
-34.207359313964844
-34.207359313964844
-34.207359313964844
-34.32897186279297
-34.44999694824219
-34.44999694824219
-34.44999694824219
-34.44999694824219
-34.44999694824219
-34.44999694824219
-34.44999694824219
-34.44999694824219
-34.44999694824219
-34.44999694824219
-34.44999694824219
-34.57146453857422
-34.692893981933594
-34.692893981933594
-34.692893981933594
-34.692893981933594
-34.692893981933594
-34.692893981933594
-34.692893981933594
-34.692893981933594
-34.692893981933594
-34.692893981933594
-34.692893981933594
-34.814208984375
-34.935630798339844
-34.935630798339844
-34.935630798339844
-34.935630798339844
-34.935630798339844
-34.935630798339844
-34.935630798339844
-34.935630798339844
-34.935630798339844
-34.935630798339844
-34.935630798339844
-34.935630798339844
-34.935630798339844
-35.05717468261719
-35.17845153808594
-35.17845153808594
-35.17845153808594
-35.17845153808594
-35.17845153808594
-35.17845153808594
-35.17845153808594
-35.17845153808594
-35.17845153808594
-35.17845153808594
-35.17845153808594
-35.300018310546875
-35.421470642089844
-35.54252624511719
-35.54252624511719
-35.54252624511719
-35.54252624511719
-35.54252624511719
-35.54252624511719
-35.54252624511719
-35.54252624511719
-35.54252624511719
-35.54252624511719
-35.54252624511719
-35.54252624511719
-35.664024353027344
-35.664024353027344
-35.664024353027344
-35.664024353027344
-35.664024353027344
-35.664024353027344
-35.664024353027344
-35.664024353027344
-35.664024353027344
-35.664024353027344
-35.77544403076172
-35.90685272216797
-36.0283203125
-36.0283203125
-36.0283203125
-36.0283203125
-36.0283203125
-36.0283203125
-36.0283203125
-36.0283203125
-36.0283203125
-36.0283203125
-36.0283203125
-36.0283203125
-36.0283203125
-36.0283203125
-36.149810791015625
-36.27119445800781
-36.27119445800781
-36.27119445800781
-36.27119445800781
-36.27119445800781
-36.27119445800781
-36.27119445800781
-36.27119445800781
-36.392784118652344
-36.54450225830078
-36.54450225830078
-36.54450225830078
-36.54450225830078
-36.54450225830078
-36.54450225830078
-36.54450225830078
-36.54450225830078
-36.54450225830078
-36.54450225830078
-36.54450225830078
-36.54450225830078
-36.54450225830078
-36.665863037109375
-36.787506103515625
-36.787506103515625
-36.787506103515625
-36.787506103515625
-36.787506103515625
-36.787506103515625
-36.787506103515625
-36.787506103515625
-36.787506103515625
-36.90864562988281
-37.030174255371094
-37.030174255371094
-37.030174255371094
-37.030174255371094
-37.030174255371094
-37.030174255371094
-37.030174255371094
-37.030174255371094
-37.030174255371094
-37.030174255371094
-37.030174255371094
-37.030174255371094
-37.030174255371094
-37.030174255371094
-37.15143585205078
-37.27288818359375
-37.27288818359375
-37.27288818359375
-37.27288818359375
-37.27288818359375
-37.27288818359375
-37.27288818359375
-37.27288818359375
-37.27288818359375
-37.27288818359375
-37.27288818359375
-37.27288818359375
-37.27288818359375
-37.39435577392578
-37.51599884033203
-37.63725280761719
-37.768898010253906
-37.768898010253906
-37.768898010253906
-37.768898010253906
-37.768898010253906
-37.768898010253906
-37.768898010253906
-37.768898010253906
-37.768898010253906
-37.768898010253906
-37.768898010253906
-37.768898010253906
-37.768898010253906
-37.768898010253906
-37.768898010253906
-37.768898010253906
-37.768898010253906
-37.768898010253906
-37.768898010253906
-37.768898010253906
-37.768898010253906
-37.890281677246094
-38.00147247314453
-38.12298583984375
-38.244537353515625
-38.244537353515625
-38.244537353515625
-38.244537353515625
-38.244537353515625
-38.244537353515625
-38.244537353515625
-38.244537353515625
-38.244537353515625
-38.244537353515625
-38.244537353515625
-38.244537353515625
-38.244537353515625
-38.244537353515625
-38.244537353515625
-38.244537353515625
-38.36577606201172
-38.48723602294922
-38.48723602294922
-38.48723602294922
-38.48723602294922
-38.48723602294922
-38.48723602294922
-38.48723602294922
-38.48723602294922
-38.48723602294922
-38.48723602294922
-38.48723602294922
-38.48723602294922
-38.48723602294922
-38.48723602294922
-38.608734130859375
-38.73011016845703
-38.851409912109375
-38.972900390625
-39.09405517578125
-39.09405517578125
-39.09405517578125
-39.09405517578125
-39.09405517578125
-39.09405517578125
-39.09405517578125
-39.09405517578125
-39.09405517578125
-39.09405517578125
-39.09405517578125
-39.09405517578125
-39.09405517578125
-39.09405517578125
-39.09405517578125
-39.09405517578125
-39.09405517578125
-39.09405517578125
-39.09405517578125
-39.09405517578125
-39.09405517578125
-39.09405517578125
-39.09405517578125
-39.09405517578125
-39.09405517578125
-39.215553283691406
-39.337074279785156
-39.45819854736328
-39.57970428466797
-39.57970428466797
-39.57970428466797
-39.57970428466797
-39.57970428466797
-39.57970428466797
-39.57970428466797
-39.57970428466797
-39.57970428466797
-39.57970428466797
-39.57970428466797
-39.57970428466797
-39.57970428466797
-39.57970428466797
-39.57970428466797
-39.57970428466797
-39.57970428466797
-39.57970428466797
-39.57970428466797
-39.701332092285156
-39.812286376953125
-39.812286376953125
-39.812286376953125
-39.812286376953125
-39.812286376953125
-39.812286376953125
-39.812286376953125
-39.812286376953125
-39.812286376953125
-39.812286376953125
-39.812286376953125
-39.812286376953125
-39.812286376953125
-39.812286376953125
-39.923797607421875
-40.045387268066406
-40.156707763671875
-40.27806091308594
-40.40949249267578
-40.40949249267578
-40.40949249267578
-40.40949249267578
-40.40949249267578
-40.40949249267578
-40.40949249267578
-40.40949249267578
-40.40949249267578
-40.40949249267578
-40.40949249267578
-40.40949249267578
-40.40949249267578
-40.40949249267578
-40.40949249267578
-40.40949249267578
-40.40949249267578
-40.40949249267578
-40.40949249267578
-40.40949249267578
-40.40949249267578
-40.40949249267578
-40.40949249267578
-40.40949249267578
-40.5206298828125
-40.64208221435547
-40.763694763183594
-40.88513946533203
-40.88513946533203
-40.88513946533203
-40.88513946533203
-40.88513946533203
-40.88513946533203
-40.88513946533203
-40.88513946533203
-40.88513946533203
-40.88513946533203
-40.88513946533203
-40.88513946533203
-40.88513946533203
-40.88513946533203
-40.88513946533203
-40.88513946533203
-40.88513946533203
-40.88513946533203
-40.88513946533203
-40.88513946533203
-41.006614685058594
-41.128150939941406
-41.128150939941406
-41.128150939941406
-41.128150939941406
-41.128150939941406
-41.128150939941406
-41.128150939941406
-41.128150939941406
-41.128150939941406
-41.128150939941406
-41.24937438964844
-41.370697021484375
-41.370697021484375
-41.370697021484375
-41.370697021484375
-41.370697021484375
-41.370697021484375
-41.370697021484375
-41.370697021484375
-41.370697021484375
-41.370697021484375
-41.370697021484375
-41.370697021484375
-41.49220275878906
-41.613487243652344
-41.613487243652344
-41.613487243652344
-41.613487243652344
-41.613487243652344
-41.613487243652344
-41.613487243652344
-41.613487243652344
-41.613487243652344
-41.613487243652344
-41.613487243652344
-41.613487243652344
-41.613487243652344
-41.735076904296875
-41.856651306152344
-41.97761535644531
-42.099273681640625
-42.099273681640625
-42.099273681640625
-42.099273681640625
-42.099273681640625
-42.099273681640625
-42.099273681640625
-42.099273681640625
-42.099273681640625
-42.099273681640625
-42.099273681640625
-42.099273681640625
-42.099273681640625
-42.099273681640625
-42.099273681640625
-42.099273681640625
-42.099273681640625
-42.099273681640625
-42.099273681640625
-42.22068786621094
-42.33184814453125
-42.33184814453125
-42.33184814453125
-42.33184814453125
-42.33184814453125
-42.33184814453125
-42.33184814453125
-42.33184814453125
-42.33184814453125
-42.33184814453125
-42.33184814453125
-42.46339416503906
-42.58483123779297
-42.58483123779297
-42.58483123779297
-42.58483123779297
-42.58483123779297
-42.58483123779297
-42.58483123779297
-42.58483123779297
-42.58483123779297
-42.58483123779297
-42.58483123779297
-42.58483123779297
-42.70594787597656
-42.81749725341797
-42.81749725341797
-42.81749725341797
-42.81749725341797
-42.81749725341797
-42.81749725341797
-42.81749725341797
-42.81749725341797
-42.81749725341797
-42.81749725341797
-42.81749725341797
-42.94886779785156
-43.070404052734375
-43.191925048828125
-43.191925048828125
-43.191925048828125
-43.191925048828125
-43.191925048828125
-43.191925048828125
-43.191925048828125
-43.191925048828125
-43.191925048828125
-43.191925048828125
-43.191925048828125
-43.191925048828125
-43.32344055175781
-43.44468688964844
-43.44468688964844
-43.44468688964844
-43.44468688964844
-43.44468688964844
-43.44468688964844
-43.44468688964844
-43.44468688964844
-43.44468688964844
-43.44468688964844
-43.44468688964844
-43.44468688964844
-43.556243896484375
-43.556243896484375
-43.556243896484375
-43.556243896484375
-43.556243896484375
-43.556243896484375
-43.556243896484375
-43.556243896484375
-43.556243896484375
-43.67755126953125
-43.79908752441406
-43.92039489746094
-43.92039489746094
-43.92039489746094
-43.92039489746094
-43.92039489746094
-43.92039489746094
-43.92039489746094
-43.92039489746094
-43.92039489746094
-43.92039489746094
-43.92039489746094
-43.92039489746094
-43.92039489746094
-43.92039489746094
-43.92039489746094
-44.0416259765625
-44.15277099609375
-44.15277099609375
-44.15277099609375
-44.15277099609375
-44.15277099609375
-44.15277099609375
-44.15277099609375
-44.15277099609375
-44.15277099609375
-44.15277099609375
-44.15277099609375
-44.26429748535156
-44.3856201171875
-44.3856201171875
-44.3856201171875
-44.3856201171875
-44.3856201171875
-44.3856201171875
-44.3856201171875
-44.3856201171875
-44.3856201171875
-44.3856201171875
-44.3856201171875
-44.50727844238281
-44.62882995605469
-44.62882995605469
-44.62882995605469
-44.62882995605469
-44.62882995605469
-44.62882995605469
-44.62882995605469
-44.62882995605469
-44.62882995605469
-44.62882995605469
-44.62882995605469
-44.74017333984375
-44.861328125
-44.861328125
-44.861328125
-44.861328125
-44.861328125
-44.861328125
-44.861328125
-44.861328125
-44.861328125
-44.861328125
-44.861328125
-44.982940673828125
-45.10420227050781
-45.10420227050781
-45.10420227050781
-45.10420227050781
-45.10420227050781
-45.10420227050781
-45.10420227050781
-45.10420227050781
-45.10420227050781
-45.10420227050781
-45.10420227050781
-45.10420227050781
-45.22581481933594
-45.347198486328125
-45.347198486328125
-45.347198486328125
-45.347198486328125
-45.347198486328125
-45.347198486328125
-45.347198486328125
-45.347198486328125
-45.347198486328125
-45.347198486328125
-45.347198486328125
-45.47862243652344
-45.600067138671875
-45.71147155761719
-45.71147155761719
-45.71147155761719
-45.71147155761719
-45.71147155761719
-45.71147155761719
-45.71147155761719
-45.71147155761719
-45.71147155761719
-45.71147155761719
-45.71147155761719
-45.71147155761719
-45.84288024902344
-45.964324951171875
-45.964324951171875
-45.964324951171875
-45.964324951171875
-45.964324951171875
-45.964324951171875
-45.964324951171875
-45.964324951171875
-45.964324951171875
-45.964324951171875
-45.964324951171875
-45.964324951171875
-45.964324951171875
-46.07466125488281
-46.19342041015625
-46.19342041015625
-46.19342041015625
-46.19342041015625
-46.19342041015625
-46.19342041015625
-46.19342041015625
-46.19342041015625
-46.19342041015625
-46.309600830078125
-46.422821044921875
-46.422821044921875
-46.422821044921875
-46.422821044921875
-46.422821044921875
-46.422821044921875
-46.422821044921875
-46.422821044921875
-46.422821044921875
-46.422821044921875
-46.422821044921875
-46.422821044921875
-46.422821044921875
-46.422821044921875
-46.53216552734375
-46.63804626464844
-46.63804626464844
-46.63804626464844
-46.63804626464844
-46.63804626464844
-46.63804626464844
-46.63804626464844
-46.63804626464844
-46.63804626464844
-46.63804626464844
-46.63804626464844
-46.740570068359375
-46.8389892578125
-46.8389892578125
-46.8389892578125
-46.8389892578125
-46.8389892578125
-46.8389892578125
-46.8389892578125
-46.8389892578125
-46.8389892578125
-46.8389892578125
-46.8389892578125
-46.8389892578125
-46.93377685546875
-47.025177001953125
-47.113037109375
-47.113037109375
-47.113037109375
-47.113037109375
-47.113037109375
-47.113037109375
-47.113037109375
-47.113037109375
-47.113037109375
-47.113037109375
-47.113037109375
-47.113037109375
-47.113037109375
-47.197296142578125
-47.197296142578125
-47.197296142578125
-47.197296142578125
-47.197296142578125
-47.197296142578125
-47.197296142578125
-47.197296142578125
-47.27752685546875
-47.35426330566406
-47.35426330566406
-47.35426330566406
-47.35426330566406
-47.35426330566406
-47.35426330566406
-47.35426330566406
-47.35426330566406
-47.35426330566406
-47.35426330566406
-47.35426330566406
-47.427703857421875
-47.50282287597656
-47.50282287597656
-47.50282287597656
-47.50282287597656
-47.50282287597656
-47.50282287597656
-47.50282287597656
-47.50282287597656
-47.50282287597656
-47.50282287597656
-47.50282287597656
-47.50282287597656
-47.56330871582031
-47.62530517578125
-47.684326171875
-47.684326171875
-47.684326171875
-47.684326171875
-47.684326171875
-47.684326171875
-47.684326171875
-47.684326171875
-47.684326171875
-47.684326171875
-47.684326171875
-47.684326171875
-47.73942565917969
-47.790985107421875
-47.790985107421875
-47.790985107421875
-47.790985107421875
-47.790985107421875
-47.790985107421875
-47.790985107421875
-47.790985107421875
-47.790985107421875
-47.790985107421875
-47.790985107421875
-47.790985107421875
-47.790985107421875
-47.83876037597656
-47.88316345214844
-47.88316345214844
-47.88316345214844
-47.88316345214844
-47.88316345214844
-47.88316345214844
-47.88316345214844
-47.88316345214844
-47.88316345214844
-47.924102783203125
-47.96046447753906
-47.96046447753906
-47.96046447753906
-47.96046447753906
-47.96046447753906
-47.96046447753906
-47.96046447753906
-47.96046447753906
-47.96046447753906
-47.96046447753906
-47.96046447753906
-47.96046447753906
-47.96046447753906
-47.9942626953125
-48.023956298828125
-48.023956298828125
-48.023956298828125
-48.023956298828125
-48.023956298828125
-48.023956298828125
-48.023956298828125
-48.023956298828125
-48.023956298828125
-48.05029296875
-48.07252502441406
-48.07252502441406
-48.07252502441406
-48.07252502441406
-48.07252502441406
-48.07252502441406
-48.07252502441406
-48.07252502441406
-48.07252502441406
-48.07252502441406
-48.07252502441406
-48.07252502441406
-48.07252502441406
-48.09161376953125
-48.107147216796875
-48.107147216796875
-48.107147216796875
-48.107147216796875
-48.107147216796875
-48.107147216796875
-48.107147216796875
-48.107147216796875
-48.107147216796875
-48.107147216796875
-48.107147216796875
-48.11822509765625
-48.12696838378906
-48.12696838378906
-48.12696838378906
-48.12696838378906
-48.12696838378906
-48.12696838378906
-48.12696838378906
-48.12696838378906
-48.12696838378906
-48.12696838378906
-48.12696838378906
-48.12696838378906
-48.13212585449219
-48.13429260253906
-48.13505554199219
-48.13505554199219
-48.13505554199219
-48.13505554199219
-48.13505554199219
-48.13505554199219
-48.13505554199219
-48.13505554199219
-48.13505554199219
-48.13505554199219
-48.13505554199219
-48.13505554199219
-48.13505554199219
-48.13523864746094
-48.13523864746094
-48.13523864746094
-48.13523864746094
-48.13523864746094
-48.13523864746094
-48.13523864746094
-48.13523864746094
-48.13523864746094
-48.13536071777344
-48.13548278808594
-48.13560485839844
-48.13560485839844
-48.13560485839844
-48.13560485839844
-48.13560485839844
-48.13560485839844
-48.13560485839844
-48.13560485839844
-48.13560485839844
-48.13560485839844
-48.13560485839844
-48.13560485839844
-48.13560485839844
-48.13580322265625
-48.13580322265625
-48.13580322265625
-48.13580322265625
-48.13580322265625
-48.13580322265625
-48.13580322265625
-48.13580322265625
-48.13580322265625
-48.13580322265625
-48.13580322265625
-48.136077880859375
-48.13615417480469
-48.13621520996094
-48.136322021484375
-48.136322021484375
-48.136322021484375
-48.136322021484375
-48.136322021484375
-48.136322021484375
-48.136322021484375
-48.136322021484375
-48.136322021484375
-48.136322021484375
-48.136322021484375
-48.136322021484375
-48.136322021484375
-48.136322021484375
-48.136322021484375
-48.13636779785156
-48.136444091796875
-48.136444091796875
-48.136444091796875
-48.136444091796875
-48.136444091796875
-48.136444091796875
-48.136444091796875
-48.13648986816406
-48.13655090332031
-48.13655090332031
-48.13655090332031
-48.13655090332031
-48.13655090332031
-48.13655090332031
-48.13655090332031
-48.13655090332031
-48.13655090332031
-48.13655090332031
-48.13655090332031
-48.13655090332031
-48.13655090332031
-48.13655090332031
-48.1365966796875
-48.13664245605469
-48.13664245605469
-48.13664245605469
-48.13664245605469
-48.13664245605469
-48.13664245605469
-48.13664245605469
-48.13664245605469
-48.13664245605469
-48.13664245605469
-48.13664245605469
-48.13664245605469
-48.13664245605469
-48.136688232421875
-48.13671875
-48.13676452636719
-48.13679504394531
-48.136810302734375
-48.136810302734375
-48.136810302734375
-48.136810302734375
-48.136810302734375
-48.136810302734375
-48.136810302734375
-48.136810302734375
-48.136810302734375
-48.136810302734375
-48.136810302734375
-48.136810302734375
-48.136810302734375
-48.136810302734375
-48.136810302734375
-48.136810302734375
-48.136810302734375
-48.136810302734375
-48.136810302734375
-48.136810302734375
-48.136810302734375
-48.136810302734375
-48.136810302734375
-48.1368408203125
-48.136871337890625
-48.13690185546875
-48.136932373046875
-48.136932373046875
-48.136932373046875
-48.136932373046875
-48.136932373046875
-48.136932373046875
-48.136932373046875
-48.136932373046875
-48.136932373046875
-48.136932373046875
-48.136932373046875
-48.136932373046875
-48.136932373046875
-48.136932373046875
-48.136932373046875
-48.136932373046875
-48.136932373046875
-48.136962890625
-48.136962890625
-48.136962890625
-48.136962890625
-48.136962890625
-48.136962890625
-48.136962890625
-48.136962890625
-48.136962890625
-48.136962890625
-48.13697814941406
-48.136993408203125
-48.13700866699219
-48.13703918457031
-48.13703918457031
-48.13703918457031
-48.13703918457031
-48.13703918457031
-48.13703918457031
-48.13703918457031
-48.13703918457031
-48.13703918457031
-48.13703918457031
-48.13703918457031
-48.13703918457031
-48.13703918457031
-48.13703918457031
-48.13703918457031
-48.13703918457031
-48.13703918457031
-48.13703918457031
-48.13706970214844
-48.1370849609375
-48.137115478515625
-48.137115478515625
-48.137115478515625
-48.137115478515625
-48.137115478515625
-48.137115478515625
-48.137115478515625
-48.137115478515625
-48.137115478515625
-48.137115478515625
-48.137115478515625
-48.137115478515625
-48.137115478515625
-48.137115478515625
-48.137115478515625
-48.137115478515625
-48.137115478515625
-48.137115478515625
-48.137115478515625
-48.137115478515625
-48.137115478515625
-48.137115478515625
-48.13713073730469
-48.13713073730469
-48.13714599609375
-48.13716125488281
-48.13716125488281
-48.13716125488281
-48.13716125488281
-48.13716125488281
-48.13716125488281
-48.13716125488281
-48.13716125488281
-48.13716125488281
-48.13716125488281
-48.13716125488281
-48.13716125488281
-48.13716125488281
-48.13716125488281
-48.13716125488281
-48.13716125488281
-48.13716125488281
-48.13716125488281
-48.13716125488281
-48.137176513671875
-48.137176513671875
-48.137176513671875
-48.137176513671875
-48.137176513671875
-48.137176513671875
-48.137176513671875
-48.13719177246094
-48.13720703125
-48.13720703125
-48.13722229003906
-48.13722229003906
-48.13722229003906
-48.13722229003906
-48.13722229003906
-48.13722229003906
-48.13722229003906
-48.13722229003906
-48.13722229003906
-48.13722229003906
-48.13722229003906
-48.13722229003906
-48.13722229003906
-48.13722229003906
-48.13722229003906
-48.13722229003906
-48.13722229003906
-48.13722229003906
-48.13722229003906
-48.13722229003906
-48.13722229003906
-48.13722229003906
-48.13722229003906
-48.13722229003906
-48.13722229003906
-48.13722229003906
-48.13722229003906
-48.13722229003906
-48.13722229003906
-48.13722229003906
-48.13722229003906
-48.13722229003906
-48.13722229003906
-48.13722229003906
-48.13722229003906
-48.13722229003906
-48.13722229003906
-48.13722229003906
-48.13722229003906
-48.13722229003906
-48.13722229003906
-48.13722229003906
-48.13722229003906
-48.13722229003906
-48.13722229003906
-48.13722229003906
-48.13722229003906
-48.13722229003906
-48.13722229003906
-48.13722229003906
-48.13722229003906
-48.13722229003906
-48.13722229003906
-48.13722229003906
-48.13722229003906
-48.13722229003906
-48.13722229003906
-48.13722229003906
-48.13722229003906
-48.13722229003906
-48.13722229003906
-48.13722229003906
-48.13722229003906
-48.13722229003906
-48.13722229003906
-48.13722229003906
-48.13722229003906
-48.13722229003906
-48.13722229003906
-48.13722229003906
-48.13722229003906
-48.13722229003906
-48.13722229003906
-48.13722229003906
-48.13722229003906
-48.13722229003906
-48.13722229003906
-48.13722229003906
-48.13722229003906
-48.13722229003906
-48.13722229003906
-48.13722229003906
-48.13722229003906
-48.13722229003906
-48.13722229003906
-48.13722229003906
-48.13722229003906
-48.13722229003906
-48.13722229003906
-48.13722229003906
-48.13722229003906
-48.13722229003906
-48.13722229003906
-48.13722229003906
-48.13722229003906
-48.13722229003906
-48.13722229003906
-48.13722229003906
-48.13722229003906
-48.13722229003906
-48.13722229003906
-48.13722229003906
-48.13722229003906
-48.13722229003906
-48.13722229003906
-48.13722229003906
-48.13722229003906
-48.13722229003906
-48.13722229003906
-48.13722229003906
-48.13722229003906
-48.13722229003906
-48.13722229003906
-48.13722229003906
-48.13722229003906
-48.13722229003906
-48.13722229003906
-48.13722229003906
-48.13722229003906
-48.13722229003906
-48.13722229003906
-48.13722229003906
-48.13722229003906
-48.13722229003906
-48.13722229003906
-48.13722229003906
-48.13722229003906
-48.13722229003906
-48.13722229003906
-48.13722229003906
-48.13722229003906
-48.13722229003906
-48.13722229003906
-48.13722229003906
-48.13722229003906
-48.13722229003906
-48.13722229003906
-48.13722229003906
-48.13722229003906
-48.13722229003906
-48.13722229003906
-48.13722229003906
-48.13722229003906
-48.13722229003906
-48.13722229003906
-48.13722229003906
-48.13722229003906
-48.13722229003906
-48.13722229003906
-48.13722229003906
-48.13722229003906
-48.13722229003906
-48.13722229003906
-48.13722229003906
-48.13722229003906
-48.13722229003906
-48.13722229003906
-48.13722229003906
-48.13722229003906
-48.13722229003906
-48.13722229003906
-48.13722229003906
-48.13722229003906
-48.13722229003906
-48.13722229003906
-48.13722229003906
-48.13722229003906
-48.13722229003906
-48.13722229003906
-48.13722229003906
-48.13722229003906
-48.13722229003906
-48.13722229003906
-48.13722229003906
-48.13722229003906
-48.13722229003906
-48.13722229003906
-48.13722229003906
-48.13722229003906
-48.13722229003906
-48.13722229003906
-48.13722229003906
-48.13722229003906
-48.13722229003906
-48.13722229003906
-48.13722229003906
-48.13722229003906
-48.13722229003906
-48.13722229003906
-48.13722229003906
-48.13722229003906
-48.13722229003906
-48.13722229003906
-48.13722229003906
-48.13722229003906
-48.13722229003906
-48.13722229003906
-48.13722229003906
-48.13722229003906
-48.13722229003906
-48.13722229003906
-48.13722229003906
-48.13722229003906
-48.13722229003906
-48.13722229003906
-48.13722229003906
-48.13722229003906
-48.13722229003906
-48.13722229003906
-48.13722229003906
-48.13722229003906
-48.13722229003906
-48.13722229003906
-48.13722229003906
-48.13722229003906
-48.13722229003906
-48.13722229003906
-48.13722229003906
-48.13722229003906
-48.13722229003906
-48.13722229003906
-48.13722229003906
-48.13722229003906
-48.13722229003906
-48.13722229003906
-48.13722229003906
-48.13722229003906
-48.13722229003906
-48.13722229003906
-48.13722229003906
-48.13722229003906
-48.13722229003906
-48.13722229003906
-48.13722229003906
-48.13722229003906
-48.13722229003906
-48.13722229003906
-48.13722229003906
-48.13722229003906
-48.13722229003906
-48.13722229003906
-48.13722229003906
-48.13722229003906
-48.13722229003906
-48.13722229003906
-48.13722229003906
-48.13722229003906
-48.13722229003906
-48.13722229003906
-48.13722229003906
-48.13722229003906
-48.13722229003906
-48.13722229003906
-48.13722229003906
-48.13722229003906
-48.13722229003906
-48.13722229003906
-48.13722229003906
-48.13722229003906
-48.13722229003906
-48.13722229003906
-48.13722229003906
-48.13722229003906
-48.13722229003906
-48.13722229003906
-48.13722229003906
-48.13722229003906
-48.13722229003906
-48.13722229003906
-48.13722229003906
-48.13722229003906
-48.13722229003906
-48.13722229003906
-48.13722229003906
-48.13722229003906
-48.13722229003906
-48.13722229003906
-48.13722229003906
-48.13722229003906
-48.13722229003906
-48.13722229003906
-48.13722229003906
-48.13722229003906
-48.13722229003906
-48.13722229003906
-48.13722229003906
-48.13722229003906
-48.13722229003906
-48.13722229003906
-48.13722229003906
-48.13722229003906
-48.13722229003906
-48.13722229003906
-48.13722229003906
-48.13722229003906
-48.13722229003906
-48.13722229003906
-48.13722229003906
-48.13722229003906
-48.13722229003906
-48.13722229003906
-48.13722229003906
-48.13722229003906
-48.13722229003906
-48.13722229003906
-48.13722229003906
-48.13722229003906
-48.13722229003906
-48.13722229003906
-48.13722229003906
-48.13722229003906
-48.13722229003906
-48.13722229003906
-48.13722229003906
-48.13722229003906
-48.13722229003906
-48.13722229003906
-48.13722229003906
-48.13722229003906
-48.13722229003906
-48.13722229003906
-48.13722229003906
-48.13722229003906
-48.13722229003906
-48.13722229003906
-48.13722229003906
-48.13722229003906
-48.13722229003906
-48.13722229003906
-48.13722229003906
-48.13722229003906
-48.13722229003906
-48.13722229003906
-48.13722229003906
-48.13722229003906
-48.13722229003906
-48.13722229003906
-48.13722229003906
-48.13722229003906
-48.13722229003906
-48.13722229003906
-48.13722229003906
-48.13722229003906
-48.13722229003906
-48.13722229003906
-48.13722229003906
-48.13722229003906
-48.13722229003906
-48.13722229003906
-48.13722229003906
-48.13722229003906
-48.13722229003906
-48.13722229003906
-48.13722229003906
-48.13722229003906
-48.13722229003906
-48.13722229003906
-48.13722229003906
-48.13722229003906
-48.13722229003906
-48.13722229003906
-48.13722229003906
-48.13722229003906
-48.13722229003906
-48.13722229003906
-48.13722229003906
-48.13722229003906
-48.13722229003906
-48.13722229003906
-48.13722229003906
-48.13722229003906
-48.13722229003906
-48.13722229003906
-48.13722229003906
-48.13722229003906
-48.13722229003906
-48.13722229003906
-48.13722229003906
-48.13722229003906
-48.13722229003906
-48.13722229003906
-48.13722229003906
-48.13722229003906
-48.13722229003906
-48.13722229003906
-48.13722229003906
-48.13722229003906
-48.13722229003906
-48.13722229003906
-48.13722229003906
-48.13722229003906
-48.13722229003906
-48.13722229003906
-48.13722229003906
-48.13722229003906
-48.13722229003906
-48.13722229003906
-48.13722229003906
-48.13722229003906
-48.13722229003906
-48.13722229003906
-48.13722229003906
-48.13722229003906
-48.13722229003906
-48.13722229003906
-48.13722229003906
-48.13722229003906
-48.13722229003906
-48.13722229003906
-48.137237548828125
-48.13722229003906
-48.13722229003906
-48.13722229003906
-48.13722229003906
-48.13722229003906
-48.13722229003906
-48.13722229003906
-48.13722229003906
-48.13722229003906
-48.13722229003906
-48.13722229003906
-48.13722229003906
-48.13722229003906
-48.13722229003906
-48.13722229003906
-48.13722229003906
-48.13722229003906
-48.13722229003906
-48.137237548828125
-48.137237548828125
-48.137237548828125
-48.13722229003906
-48.13722229003906
-48.13722229003906
-48.13722229003906
-48.13722229003906
-48.13722229003906
-48.13722229003906
-48.13722229003906
-48.13722229003906
-48.13722229003906
-48.13722229003906
-48.13722229003906
-48.13722229003906
-48.13722229003906
-48.13722229003906
-48.13722229003906
-48.13722229003906
-48.13722229003906
-48.13722229003906
-48.13722229003906
-48.13722229003906
-48.13722229003906
-48.13722229003906
-48.13722229003906
-48.13722229003906
-48.13722229003906
-48.13722229003906
-48.13722229003906
-48.13722229003906
-48.13722229003906
-48.13722229003906
-48.13722229003906
-48.13722229003906
-48.13722229003906
-48.13722229003906
-48.13722229003906
-48.13722229003906
-48.13722229003906
-48.13722229003906
-48.13722229003906
-48.13722229003906
-48.13722229003906
-48.13722229003906
-48.13722229003906
-48.13722229003906
-48.13722229003906
-48.13722229003906
-48.13722229003906
-48.13722229003906
-48.13722229003906
-48.13722229003906
-48.13722229003906
-48.13722229003906
-48.13722229003906
-48.13722229003906
-48.13722229003906
-48.13722229003906
-48.13722229003906
-48.13722229003906
-48.13722229003906
-48.13722229003906
-48.13722229003906
-48.13722229003906
-48.13722229003906
-48.13722229003906
-48.13722229003906
