28.179765701293945
28.179765701293945
28.179765701293945
28.179752349853516
28.179752349853516
28.179752349853516
28.179752349853516
28.179765701293945
28.179765701293945
28.179765701293945
28.179765701293945
28.179765701293945
28.179765701293945
28.179765701293945
28.179765701293945
28.179765701293945
28.179765701293945
28.179752349853516
28.179752349853516
28.179752349853516
28.179752349853516
28.179752349853516
28.179752349853516
28.179752349853516
28.179752349853516
28.179752349853516
28.179765701293945
28.179765701293945
28.179765701293945
28.179765701293945
28.179765701293945
28.179765701293945
28.179765701293945
28.179765701293945
28.179765701293945
28.179765701293945
28.179759979248047
28.179765701293945
28.179752349853516
28.179752349853516
28.179752349853516
28.179752349853516
28.179752349853516
28.179752349853516
28.179752349853516
28.179752349853516
28.179752349853516
28.179759979248047
28.179759979248047
28.179759979248047
28.179759979248047
28.179759979248047
28.179759979248047
28.179759979248047
28.179759979248047
28.179759979248047
28.179759979248047
28.179759979248047
28.179744720458984
28.179765701293945
28.179765701293945
28.179765701293945
28.179765701293945
28.179765701293945
28.179765701293945
28.179765701293945
28.179752349853516
28.179765701293945
28.179765701293945
28.179765701293945
28.179765701293945
28.179765701293945
28.179765701293945
28.179765701293945
28.179752349853516
28.179773330688477
28.179773330688477
28.179773330688477
28.179773330688477
28.179773330688477
28.179773330688477
28.179752349853516
28.179752349853516
28.179752349853516
28.179752349853516
28.179752349853516
28.179765701293945
28.179765701293945
28.179765701293945
28.179765701293945
28.179765701293945
28.179765701293945
28.179765701293945
28.179759979248047
28.179759979248047
28.179759979248047
28.179759979248047
28.179759979248047
28.179759979248047
28.179759979248047
28.179759979248047
28.179752349853516
28.179765701293945
28.179765701293945
28.179765701293945
28.179765701293945
28.179765701293945
28.179765701293945
28.179765701293945
28.179765701293945
28.179765701293945
28.179744720458984
28.179738998413086
28.179738998413086
28.179738998413086
28.179738998413086
28.179738998413086
28.179738998413086
28.179738998413086
28.179738998413086
28.179738998413086
28.179738998413086
28.179738998413086
28.179738998413086
28.179738998413086
28.179738998413086
28.179738998413086
28.179738998413086
28.179738998413086
28.179738998413086
28.179738998413086
28.179731369018555
28.179731369018555
28.179731369018555
28.179731369018555
28.179723739624023
28.179731369018555
28.179731369018555
28.179731369018555
28.179731369018555
28.179731369018555
28.179731369018555
28.179731369018555
28.179731369018555
28.179731369018555
28.179731369018555
28.179731369018555
28.179731369018555
28.179731369018555
28.179731369018555
28.179731369018555
28.179731369018555
28.179731369018555
28.179731369018555
28.179738998413086
28.179738998413086
28.179738998413086
28.179738998413086
28.179738998413086
28.179738998413086
28.179738998413086
28.179738998413086
28.179738998413086
28.179738998413086
28.179738998413086
28.179731369018555
28.17961311340332
28.17961311340332
28.17961311340332
28.17961311340332
28.17961311340332
28.17961311340332
28.17961311340332
28.17961311340332
28.17961311340332
28.17961311340332
28.17961311340332
28.178558349609375
28.175090789794922
28.175090789794922
28.175090789794922
28.175090789794922
28.175090789794922
28.175090789794922
28.175090789794922
28.175090789794922
28.175090789794922
28.175090789794922
28.175090789794922
28.17044448852539
28.162290573120117
28.162290573120117
28.162290573120117
28.162290573120117
28.162290573120117
28.162290573120117
28.162290573120117
28.162290573120117
28.162290573120117
28.162290573120117
28.162290573120117
28.139368057250977
28.118330001831055
28.118330001831055
28.118330001831055
28.118330001831055
28.118330001831055
28.118330001831055
28.118330001831055
28.118330001831055
28.118330001831055
28.092039108276367
28.06615447998047
28.06615447998047
28.06615447998047
28.06615447998047
28.06615447998047
28.06615447998047
28.06615447998047
28.06615447998047
28.06615447998047
28.06615447998047
28.06615447998047
28.06615447998047
28.06615447998047
28.06615447998047
28.035131454467773
28.002992630004883
27.96775245666504
27.96775245666504
27.96775245666504
27.96775245666504
27.96775245666504
27.96775245666504
27.96775245666504
27.96775245666504
27.96775245666504
27.96775245666504
27.932138442993164
27.89032554626465
27.89032554626465
27.89032554626465
27.89032554626465
27.89032554626465
27.89032554626465
27.89032554626465
27.89032554626465
27.89032554626465
27.89032554626465
27.845922470092773
27.798419952392578
27.798419952392578
27.798419952392578
27.798419952392578
27.798419952392578
27.798419952392578
27.798419952392578
27.798419952392578
27.798419952392578
27.798419952392578
27.798419952392578
27.798419952392578
27.798419952392578
27.798419952392578
27.798419952392578
27.74773597717285
27.693424224853516
27.693424224853516
27.693424224853516
27.693424224853516
27.693424224853516
27.693424224853516
27.693424224853516
27.693424224853516
27.693424224853516
27.693424224853516
27.693424224853516
27.636470794677734
27.576885223388672
27.576885223388672
27.576885223388672
27.576885223388672
27.576885223388672
27.576885223388672
27.576885223388672
27.576885223388672
27.576885223388672
27.576885223388672
27.576885223388672
27.514745712280273
27.448772430419922
27.448772430419922
27.448772430419922
27.448772430419922
27.448772430419922
27.448772430419922
27.448772430419922
27.448772430419922
27.448772430419922
27.448772430419922
27.448772430419922
27.379680633544922
27.307695388793945
27.307695388793945
27.307695388793945
27.307695388793945
27.307695388793945
27.307695388793945
27.307695388793945
27.307695388793945
27.307695388793945
27.307695388793945
27.307695388793945
27.231470108032227
27.15346336364746
27.15346336364746
27.15346336364746
27.15346336364746
27.15346336364746
27.15346336364746
27.15346336364746
27.15346336364746
27.15346336364746
27.15346336364746
27.15346336364746
27.15346336364746
27.15346336364746
27.07177734375
26.98710823059082
26.89902114868164
26.89902114868164
26.89902114868164
26.89902114868164
26.89902114868164
26.89902114868164
26.89902114868164
26.89902114868164
26.89902114868164
26.807233810424805
26.807233810424805
26.807233810424805
26.807233810424805
26.807233810424805
26.807233810424805
26.807233810424805
26.807233810424805
26.807233810424805
26.807233810424805
26.807233810424805
26.807233810424805
26.807233810424805
26.807233810424805
26.712934494018555
26.615339279174805
26.50564193725586
26.50564193725586
26.50564193725586
26.50564193725586
26.50564193725586
26.50564193725586
26.50564193725586
26.50564193725586
26.50564193725586
26.50564193725586
26.412059783935547
26.307353973388672
26.307353973388672
26.307353973388672
26.307353973388672
26.307353973388672
26.307353973388672
26.307353973388672
26.307353973388672
26.307353973388672
26.307353973388672
26.307353973388672
26.307353973388672
26.201549530029297
26.096616744995117
26.096616744995117
26.096616744995117
26.096616744995117
26.096616744995117
26.096616744995117
26.096616744995117
26.096616744995117
26.096616744995117
26.096616744995117
25.991241455078125
25.991241455078125
25.991241455078125
25.991241455078125
25.991241455078125
25.991241455078125
25.991241455078125
25.991241455078125
25.991241455078125
25.991241455078125
25.991241455078125
25.991241455078125
25.885313034057617
25.780193328857422
25.6751766204834
25.6751766204834
25.6751766204834
25.6751766204834
25.6751766204834
25.6751766204834
25.6751766204834
25.6751766204834
25.6751766204834
25.6751766204834
25.569580078125
25.463790893554688
25.463790893554688
25.463790893554688
25.463790893554688
25.463790893554688
25.463790893554688
25.463790893554688
25.463790893554688
25.463790893554688
25.463790893554688
25.463790893554688
25.463790893554688
25.463790893554688
25.463790893554688
25.463790893554688
25.463790893554688
25.463790893554688
25.463790893554688
25.358354568481445
25.252737045288086
25.146650314331055
25.041475296020508
24.934953689575195
24.934953689575195
24.934953689575195
24.934953689575195
24.934953689575195
24.934953689575195
24.934953689575195
24.934953689575195
24.934953689575195
24.934953689575195
24.934953689575195
24.934953689575195
24.934953689575195
24.934953689575195
24.934953689575195
24.934953689575195
24.934953689575195
24.934953689575195
24.934953689575195
24.934953689575195
24.934953689575195
24.838359832763672
24.72529411315918
24.62009048461914
24.514198303222656
24.514198303222656
24.514198303222656
24.514198303222656
24.514198303222656
24.514198303222656
24.514198303222656
24.514198303222656
24.514198303222656
24.514198303222656
24.514198303222656
24.514198303222656
24.514198303222656
24.514198303222656
24.514198303222656
24.514198303222656
24.514198303222656
24.514198303222656
24.514198303222656
24.408884048461914
24.408884048461914
24.408884048461914
24.408884048461914
24.408884048461914
24.408884048461914
24.408884048461914
24.408884048461914
24.408884048461914
24.408884048461914
24.408884048461914
24.408884048461914
24.408884048461914
24.408884048461914
24.408884048461914
24.408884048461914
24.408884048461914
24.408884048461914
24.30378532409668
24.198776245117188
24.092689514160156
23.978965759277344
23.873632431030273
23.873632431030273
23.873632431030273
23.873632431030273
23.873632431030273
23.873632431030273
23.873632431030273
23.873632431030273
23.873632431030273
23.873632431030273
23.873632431030273
23.873632431030273
23.873632431030273
23.873632431030273
23.873632431030273
23.873632431030273
23.873632431030273
23.873632431030273
23.873632431030273
23.873632431030273
23.873632431030273
23.77618980407715
23.670862197875977
23.5653076171875
23.459815979003906
23.459815979003906
23.459815979003906
23.459815979003906
23.459815979003906
23.459815979003906
23.459815979003906
23.459815979003906
23.459815979003906
23.459815979003906
23.459815979003906
23.459815979003906
23.459815979003906
23.459815979003906
23.459815979003906
23.459815979003906
23.459815979003906
23.363298416137695
23.24824333190918
23.24824333190918
23.24824333190918
23.24824333190918
23.24824333190918
23.24824333190918
23.24824333190918
23.24824333190918
23.24824333190918
23.24824333190918
23.24824333190918
23.142335891723633
23.03657341003418
23.03657341003418
23.03657341003418
23.03657341003418
23.03657341003418
23.03657341003418
23.03657341003418
23.03657341003418
23.03657341003418
23.03657341003418
23.03657341003418
22.93203353881836
22.791196823120117
22.791196823120117
22.791196823120117
22.791196823120117
22.791196823120117
22.791196823120117
22.791196823120117
22.791196823120117
22.791196823120117
22.791196823120117
22.791196823120117
22.694320678710938
22.58806800842285
22.58806800842285
22.58806800842285
22.58806800842285
22.58806800842285
22.58806800842285
22.58806800842285
22.58806800842285
22.58806800842285
22.58806800842285
22.58806800842285
22.482927322387695
22.37701416015625
22.37701416015625
22.37701416015625
22.37701416015625
22.37701416015625
22.37701416015625
22.37701416015625
22.37701416015625
22.37701416015625
22.37701416015625
22.37701416015625
22.270402908325195
22.165786743164062
22.165786743164062
22.165786743164062
22.165786743164062
22.165786743164062
22.165786743164062
22.165786743164062
22.165786743164062
22.165786743164062
22.165786743164062
22.165786743164062
22.06048011779785
21.954954147338867
21.849653244018555
21.849653244018555
21.849653244018555
21.849653244018555
21.849653244018555
21.849653244018555
21.849653244018555
21.849653244018555
21.849653244018555
21.849653244018555
21.849653244018555
21.849653244018555
21.849653244018555
21.74443817138672
21.74443817138672
21.74443817138672
21.74443817138672
21.74443817138672
21.74443817138672
21.74443817138672
21.74443817138672
21.74443817138672
21.74443817138672
21.74443817138672
21.74443817138672
21.74443817138672
21.74443817138672
21.63922119140625
21.534196853637695
21.428565979003906
21.428565979003906
21.428565979003906
21.428565979003906
21.428565979003906
21.428565979003906
21.428565979003906
21.428565979003906
21.33217430114746
21.33217430114746
21.33217430114746
21.33217430114746
21.33217430114746
21.33217430114746
21.33217430114746
21.33217430114746
21.33217430114746
21.33217430114746
21.33217430114746
21.33217430114746
21.33217430114746
21.33217430114746
21.217504501342773
21.1127986907959
21.00682258605957
21.00682258605957
21.00682258605957
21.00682258605957
21.00682258605957
21.00682258605957
21.00682258605957
21.00682258605957
20.900419235229492
20.7951602935791
20.7951602935791
20.7951602935791
20.7951602935791
20.7951602935791
20.7951602935791
20.7951602935791
20.7951602935791
20.7951602935791
20.7951602935791
20.7951602935791
20.7951602935791
20.7951602935791
20.7951602935791
20.689315795898438
20.584030151367188
20.584030151367188
20.584030151367188
20.584030151367188
20.584030151367188
20.584030151367188
20.584030151367188
20.584030151367188
20.584030151367188
20.584030151367188
20.584030151367188
20.477563858032227
20.381881713867188
20.381881713867188
20.381881713867188
20.381881713867188
20.381881713867188
20.381881713867188
20.381881713867188
20.381881713867188
20.381881713867188
20.381881713867188
20.381881713867188
20.267601013183594
20.1621150970459
20.1621150970459
20.1621150970459
20.1621150970459
20.1621150970459
20.1621150970459
20.1621150970459
20.1621150970459
20.1621150970459
20.1621150970459
20.1621150970459
20.057519912719727
19.943326950073242
19.943326950073242
19.943326950073242
19.943326950073242
19.943326950073242
19.943326950073242
19.943326950073242
19.943326950073242
19.943326950073242
19.943326950073242
19.943326950073242
19.846590042114258
19.741558074951172
19.741558074951172
19.741558074951172
19.741558074951172
19.741558074951172
19.741558074951172
19.741558074951172
19.741558074951172
19.741558074951172
19.741558074951172
19.741558074951172
19.63581085205078
19.53015899658203
19.53015899658203
19.53015899658203
19.53015899658203
19.53015899658203
19.53015899658203
19.53015899658203
19.53015899658203
19.53015899658203
19.53015899658203
19.53015899658203
19.53015899658203
19.53015899658203
19.424528121948242
19.31913948059082
19.214309692382812
19.214309692382812
19.214309692382812
19.214309692382812
19.214309692382812
19.214309692382812
19.214309692382812
19.214309692382812
19.214309692382812
19.214309692382812
19.214309692382812
19.106718063354492
19.106718063354492
19.106718063354492
19.106718063354492
19.106718063354492
19.106718063354492
19.106718063354492
19.106718063354492
19.106718063354492
19.106718063354492
19.106718063354492
19.106718063354492
19.106718063354492
19.106718063354492
19.002639770507812
18.8968505859375
18.791296005249023
18.791296005249023
18.791296005249023
18.791296005249023
18.791296005249023
18.791296005249023
18.791296005249023
18.791296005249023
18.685691833496094
18.588871002197266
18.588871002197266
18.588871002197266
18.588871002197266
18.588871002197266
18.588871002197266
18.588871002197266
18.588871002197266
18.588871002197266
18.588871002197266
18.588871002197266
18.588871002197266
18.588871002197266
18.588871002197266
18.491559982299805
18.386558532714844
18.386558532714844
18.386558532714844
18.386558532714844
18.386558532714844
18.386558532714844
18.386558532714844
18.386558532714844
18.386558532714844
18.386558532714844
18.386558532714844
18.281091690063477
18.18429946899414
18.18429946899414
18.18429946899414
18.18429946899414
18.18429946899414
18.18429946899414
18.18429946899414
18.18429946899414
18.18429946899414
18.18429946899414
18.18429946899414
18.18429946899414
18.18429946899414
18.079076766967773
17.973804473876953
17.973804473876953
17.973804473876953
17.973804473876953
17.973804473876953
17.973804473876953
17.973804473876953
17.973804473876953
17.973804473876953
17.973804473876953
17.973804473876953
17.973804473876953
17.867717742919922
17.7707576751709
17.7707576751709
17.7707576751709
17.7707576751709
17.7707576751709
17.7707576751709
17.7707576751709
17.7707576751709
17.656822204589844
17.552095413208008
17.445476531982422
17.445476531982422
17.445476531982422
17.445476531982422
17.445476531982422
17.445476531982422
17.445476531982422
17.445476531982422
17.445476531982422
17.445476531982422
17.445476531982422
17.340654373168945
17.340654373168945
17.340654373168945
17.340654373168945
17.340654373168945
17.340654373168945
17.340654373168945
17.340654373168945
17.340654373168945
17.340654373168945
17.340654373168945
17.340654373168945
17.340654373168945
17.23478126525879
17.12952423095703
17.024341583251953
17.024341583251953
17.024341583251953
17.024341583251953
17.024341583251953
17.024341583251953
17.024341583251953
17.024341583251953
17.024341583251953
17.024341583251953
17.024341583251953
16.919076919555664
16.919076919555664
16.919076919555664
16.919076919555664
16.919076919555664
16.919076919555664
16.919076919555664
16.919076919555664
16.919076919555664
16.919076919555664
16.919076919555664
16.919076919555664
16.919076919555664
16.919076919555664
16.812955856323242
16.717439651489258
16.620155334472656
16.620155334472656
16.620155334472656
16.620155334472656
16.620155334472656
16.620155334472656
16.620155334472656
16.620155334472656
16.514097213745117
16.417139053344727
16.311113357543945
16.311113357543945
16.311113357543945
16.311113357543945
16.311113357543945
16.311113357543945
16.311113357543945
16.311113357543945
16.311113357543945
16.311113357543945
16.311113357543945
16.311113357543945
16.311113357543945
16.311113357543945
16.196969985961914
16.196969985961914
16.196969985961914
16.196969985961914
16.196969985961914
16.196969985961914
16.196969985961914
16.196969985961914
16.196969985961914
16.196969985961914
16.196969985961914
16.099706649780273
15.994711875915527
15.994711875915527
15.994711875915527
15.994711875915527
15.994711875915527
15.994711875915527
15.994711875915527
15.994711875915527
15.994711875915527
15.994711875915527
15.994711875915527
15.994711875915527
15.994711875915527
15.888928413391113
15.783601760864258
15.783601760864258
15.783601760864258
15.783601760864258
15.783601760864258
15.783601760864258
15.783601760864258
15.783601760864258
15.783601760864258
15.783601760864258
15.783601760864258
15.783601760864258
15.678557395935059
15.564523696899414
15.564523696899414
15.564523696899414
15.564523696899414
15.564523696899414
15.564523696899414
15.564523696899414
15.564523696899414
15.564523696899414
15.564523696899414
15.467723846435547
15.363115310668945
15.257704734802246
15.257704734802246
15.257704734802246
15.257704734802246
15.257704734802246
15.257704734802246
15.257704734802246
15.257704734802246
15.257704734802246
15.257704734802246
15.257704734802246
15.257704734802246
15.257704734802246
15.257704734802246
15.152363777160645
15.152363777160645
15.152363777160645
15.152363777160645
15.152363777160645
15.152363777160645
15.152363777160645
15.152363777160645
15.152363777160645
15.152363777160645
15.152363777160645
15.04631233215332
14.941537857055664
14.836299896240234
14.836299896240234
14.836299896240234
14.836299896240234
14.836299896240234
14.836299896240234
14.836299896240234
14.836299896240234
14.836299896240234
14.836299896240234
14.836299896240234
14.729867935180664
14.729867935180664
14.729867935180664
14.729867935180664
14.729867935180664
14.729867935180664
14.729867935180664
14.729867935180664
14.729867935180664
14.729867935180664
14.729867935180664
14.625003814697266
14.518488883972168
14.518488883972168
14.518488883972168
14.518488883972168
14.518488883972168
14.518488883972168
14.518488883972168
14.518488883972168
14.518488883972168
14.361233711242676
14.096697807312012
14.096697807312012
14.096697807312012
14.096697807312012
14.096697807312012
14.096697807312012
13.903145790100098
13.903145790100098
13.903145790100098
13.903145790100098
13.903145790100098
13.903145790100098
13.64770221710205
13.542085647583008
13.542085647583008
13.542085647583008
13.542085647583008
13.542085647583008
13.542085647583008
13.542085647583008
13.542085647583008
13.542085647583008
13.542085647583008
13.542085647583008
13.436531066894531
13.330340385437012
13.330340385437012
13.330340385437012
13.330340385437012
13.330340385437012
13.330340385437012
13.330340385437012
13.330340385437012
13.330340385437012
13.330340385437012
13.223950386047363
13.1189546585083
13.1189546585083
13.1189546585083
13.1189546585083
13.1189546585083
13.1189546585083
13.1189546585083
13.1189546585083
13.1189546585083
13.1189546585083
13.012861251831055
12.907623291015625
12.907623291015625
12.907623291015625
12.907623291015625
12.907623291015625
12.907623291015625
12.907623291015625
12.907623291015625
12.907623291015625
12.907623291015625
12.907623291015625
12.907623291015625
12.802434921264648
12.802434921264648
12.802434921264648
12.802434921264648
12.802434921264648
12.802434921264648
12.802434921264648
12.802434921264648
12.802434921264648
12.802434921264648
12.802434921264648
12.802434921264648
12.696845054626465
12.592015266418457
12.486536026000977
12.486536026000977
12.486536026000977
12.486536026000977
12.486536026000977
12.486536026000977
12.486536026000977
12.486536026000977
12.486536026000977
12.486536026000977
12.381913185119629
12.267597198486328
12.267597198486328
12.267597198486328
12.267597198486328
12.267597198486328
12.267597198486328
12.267597198486328
12.267597198486328
12.267597198486328
12.267597198486328
12.267597198486328
12.267597198486328
12.17039680480957
12.17039680480957
12.17039680480957
12.17039680480957
12.17039680480957
12.17039680480957
12.17039680480957
12.17039680480957
12.17039680480957
12.17039680480957
12.057626724243164
11.951333045959473
11.84519100189209
11.84519100189209
11.84519100189209
11.84519100189209
11.84519100189209
11.84519100189209
11.84519100189209
11.84519100189209
11.84519100189209
11.84519100189209
11.84519100189209
11.748625755310059
11.642828941345215
11.642828941345215
11.642828941345215
11.642828941345215
11.642828941345215
11.642828941345215
11.642828941345215
11.642828941345215
11.642828941345215
11.642828941345215
11.642828941345215
11.537308692932129
11.43127727508545
11.43127727508545
11.43127727508545
11.43127727508545
11.43127727508545
11.43127727508545
11.43127727508545
11.43127727508545
11.43127727508545
11.43127727508545
11.43127727508545
11.326509475708008
11.220954895019531
11.220954895019531
11.220954895019531
11.220954895019531
11.220954895019531
11.220954895019531
11.220954895019531
11.220954895019531
11.220954895019531
11.220954895019531
11.220954895019531
11.115654945373535
11.010638236999512
11.010638236999512
11.010638236999512
11.010638236999512
11.010638236999512
11.010638236999512
11.010638236999512
11.010638236999512
11.010638236999512
11.010638236999512
11.010638236999512
11.010638236999512
11.010638236999512
10.905518531799316
10.800177574157715
10.695741653442383
10.695741653442383
10.695741653442383
10.695741653442383
10.695741653442383
10.695741653442383
10.695741653442383
10.695741653442383
10.695741653442383
10.695741653442383
10.695741653442383
10.589537620544434
10.589537620544434
10.589537620544434
10.589537620544434
10.589537620544434
10.589537620544434
10.589537620544434
10.589537620544434
10.589537620544434
10.589537620544434
10.589537620544434
10.589537620544434
10.483610153198242
10.377854347229004
10.2813720703125
10.2813720703125
10.2813720703125
10.2813720703125
10.2813720703125
10.2813720703125
10.2813720703125
10.2813720703125
10.2813720703125
10.2813720703125
10.16731071472168
10.060858726501465
10.060858726501465
10.060858726501465
10.060858726501465
10.060858726501465
10.060858726501465
10.060858726501465
10.060858726501465
10.060858726501465
10.060858726501465
10.060858726501465
10.060858726501465
10.060858726501465
10.060858726501465
9.955965995788574
9.849921226501465
9.849921226501465
9.849921226501465
9.849921226501465
9.849921226501465
9.849921226501465
9.849921226501465
9.849921226501465
9.745001792907715
9.745001792907715
9.745001792907715
9.745001792907715
9.745001792907715
9.745001792907715
9.745001792907715
9.745001792907715
9.745001792907715
9.745001792907715
9.745001792907715
9.745001792907715
9.745001792907715
9.745001792907715
9.612263679504395
9.507702827453613
9.40208625793457
9.40208625793457
9.40208625793457
9.40208625793457
9.40208625793457
9.40208625793457
9.40208625793457
9.40208625793457
9.296048164367676
9.190264701843262
9.190264701843262
9.190264701843262
9.190264701843262
9.190264701843262
9.190264701843262
9.190264701843262
9.190264701843262
9.190264701843262
9.190264701843262
9.190264701843262
9.190264701843262
9.190264701843262
9.190264701843262
9.084482192993164
8.979514122009277
8.979514122009277
8.979514122009277
8.979514122009277
8.979514122009277
8.979514122009277
8.979514122009277
8.979514122009277
8.979514122009277
8.979514122009277
8.979514122009277
8.979514122009277
8.979514122009277
8.979514122009277
8.979514122009277
8.874014854431152
8.768321990966797
8.662318229675293
8.547842025756836
8.547842025756836
8.547842025756836
8.547842025756836
8.547842025756836
8.547842025756836
8.547842025756836
8.547842025756836
8.547842025756836
8.547842025756836
8.547842025756836
8.547842025756836
8.547842025756836
8.547842025756836
8.547842025756836
8.547842025756836
8.547842025756836
8.547842025756836
8.547842025756836
8.547842025756836
8.547842025756836
8.443309783935547
8.347241401672363
8.24071979522705
8.136214256286621
8.136214256286621
8.136214256286621
8.136214256286621
8.136214256286621
8.136214256286621
8.136214256286621
8.136214256286621
8.136214256286621
8.136214256286621
8.136214256286621
8.136214256286621
8.136214256286621
8.136214256286621
8.03090763092041
7.925580978393555
7.925580978393555
7.925580978393555
7.925580978393555
7.925580978393555
7.925580978393555
7.925580978393555
7.925580978393555
7.925580978393555
7.925580978393555
7.925580978393555
7.925580978393555
7.925580978393555
7.925580978393555
7.925580978393555
7.925580978393555
7.925580978393555
7.81948709487915
7.714408874511719
7.608432769775391
7.50342321395874
7.397536754608154
7.397536754608154
7.397536754608154
7.397536754608154
7.397536754608154
7.397536754608154
7.397536754608154
7.397536754608154
7.397536754608154
7.397536754608154
7.397536754608154
7.397536754608154
7.397536754608154
7.397536754608154
7.397536754608154
7.397536754608154
7.397536754608154
7.397536754608154
7.397536754608154
7.397536754608154
7.397536754608154
7.397536754608154
7.397536754608154
7.397536754608154
7.290766716003418
7.185702323913574
7.080692768096924
6.974958419799805
6.974958419799805
6.974958419799805
6.974958419799805
6.974958419799805
6.974958419799805
6.974958419799805
6.974958419799805
6.974958419799805
6.974958419799805
6.974958419799805
6.974958419799805
6.974958419799805
6.974958419799805
6.974958419799805
6.974958419799805
6.974958419799805
6.86903715133667
6.772975921630859
6.772975921630859
6.772975921630859
6.772975921630859
6.772975921630859
6.772975921630859
6.772975921630859
6.772975921630859
6.772975921630859
6.772975921630859
6.772975921630859
6.772975921630859
6.772975921630859
6.772975921630859
6.772975921630859
6.772975921630859
6.772975921630859
6.676162242889404
6.570683002471924
6.474034786224365
6.368390083312988
6.368390083312988
6.368390083312988
6.368390083312988
6.368390083312988
6.368390083312988
6.368390083312988
6.368390083312988
6.368390083312988
6.368390083312988
6.368390083312988
6.368390083312988
6.368390083312988
6.368390083312988
6.368390083312988
6.368390083312988
6.368390083312988
6.368390083312988
6.368390083312988
6.368390083312988
6.368390083312988
6.368390083312988
6.368390083312988
6.368390083312988
6.254881381988525
6.158695697784424
6.053348064422607
5.94730281829834
5.84184455871582
5.84184455871582
5.84184455871582
5.84184455871582
5.84184455871582
5.84184455871582
5.84184455871582
5.84184455871582
5.84184455871582
5.84184455871582
5.84184455871582
5.84184455871582
5.84184455871582
5.84184455871582
5.84184455871582
5.84184455871582
5.84184455871582
5.737138748168945
5.737138748168945
5.737138748168945
5.737138748168945
5.737138748168945
5.737138748168945
5.737138748168945
5.737138748168945
5.737138748168945
5.737138748168945
5.737138748168945
5.631694316864014
5.524882793426514
5.4202189445495605
5.4202189445495605
5.4202189445495605
5.4202189445495605
5.4202189445495605
5.4202189445495605
5.4202189445495605
5.4202189445495605
5.4202189445495605
5.4202189445495605
5.4202189445495605
5.314215183258057
5.20846700668335
5.20846700668335
5.20846700668335
5.20846700668335
5.20846700668335
5.20846700668335
5.20846700668335
5.20846700668335
5.20846700668335
5.20846700668335
5.20846700668335
5.20846700668335
5.20846700668335
5.20846700668335
5.20846700668335
5.103029251098633
4.997736930847168
4.892402648925781
4.786088466644287
4.786088466644287
4.786088466644287
4.786088466644287
4.786088466644287
4.786088466644287
4.786088466644287
4.786088466644287
4.786088466644287
4.786088466644287
4.786088466644287
4.786088466644287
4.786088466644287
4.786088466644287
4.786088466644287
4.786088466644287
4.786088466644287
4.68054723739624
4.583374500274658
4.583374500274658
4.583374500274658
4.583374500274658
4.583374500274658
4.583374500274658
4.583374500274658
4.583374500274658
4.583374500274658
4.583374500274658
4.583374500274658
4.468677997589111
4.363847732543945
4.257899284362793
4.257899284362793
4.257899284362793
4.257899284362793
4.257899284362793
4.257899284362793
4.257899284362793
4.257899284362793
4.257899284362793
4.257899284362793
4.257899284362793
4.160001754760742
4.160001754760742
4.160001754760742
4.160001754760742
4.160001754760742
4.160001754760742
4.160001754760742
4.160001754760742
4.160001754760742
4.160001754760742
4.160001754760742
4.160001754760742
4.160001754760742
4.045553684234619
3.9403371810913086
3.8346993923187256
3.8346993923187256
3.8346993923187256
3.8346993923187256
3.8346993923187256
3.8346993923187256
3.8346993923187256
3.8346993923187256
3.8346993923187256
3.8346993923187256
3.8346993923187256
3.720223903656006
3.720223903656006
3.720223903656006
3.720223903656006
3.720223903656006
3.720223903656006
3.720223903656006
3.720223903656006
3.720223903656006
3.720223903656006
3.720223903656006
3.720223903656006
3.615987777709961
3.519360303878784
3.519360303878784
3.519360303878784
3.519360303878784
3.519360303878784
3.519360303878784
3.519360303878784
3.519360303878784
3.519360303878784
3.519360303878784
3.4138882160186768
3.309189558029175
3.2029924392700195
3.2029924392700195
3.2029924392700195
3.2029924392700195
3.2029924392700195
3.2029924392700195
3.2029924392700195
3.2029924392700195
3.2029924392700195
3.2029924392700195
3.2029924392700195
3.2029924392700195
3.2029924392700195
3.2029924392700195
3.0985283851623535
3.0017144680023193
3.0017144680023193
3.0017144680023193
3.0017144680023193
3.0017144680023193
3.0017144680023193
3.0017144680023193
3.0017144680023193
3.0017144680023193
3.0017144680023193
3.0017144680023193
2.9050800800323486
2.798593044281006
2.798593044281006
2.798593044281006
2.798593044281006
2.798593044281006
2.798593044281006
2.798593044281006
2.798593044281006
2.798593044281006
2.798593044281006
2.798593044281006
2.6928656101226807
2.587794065475464
2.587794065475464
2.587794065475464
2.587794065475464
2.587794065475464
2.587794065475464
2.587794065475464
2.587794065475464
2.587794065475464
2.587794065475464
2.587794065475464
2.4908626079559326
2.384921073913574
2.384921073913574
2.384921073913574
2.384921073913574
2.384921073913574
2.384921073913574
2.384921073913574
2.384921073913574
2.384921073913574
2.384921073913574
2.384921073913574
2.2794904708862305
2.1747641563415527
2.0689053535461426
2.0689053535461426
2.0689053535461426
2.0689053535461426
2.0689053535461426
2.0689053535461426
2.0689053535461426
2.0689053535461426
2.0689053535461426
2.0689053535461426
2.0689053535461426
1.9643930196762085
1.9643930196762085
1.9643930196762085
1.9643930196762085
1.9643930196762085
1.9643930196762085
1.9643930196762085
1.9643930196762085
1.9643930196762085
1.9643930196762085
1.9643930196762085
1.9643930196762085
1.9643930196762085
1.8498071432113647
1.7446043491363525
1.6485981941223145
1.6485981941223145
1.6485981941223145
1.6485981941223145
1.6485981941223145
1.6485981941223145
1.6485981941223145
1.6485981941223145
1.6485981941223145
1.6485981941223145
1.6485981941223145
1.5343575477600098
1.5343575477600098
1.5343575477600098
1.5343575477600098
1.5343575477600098
1.5343575477600098
1.5343575477600098
1.5343575477600098
1.5343575477600098
1.5343575477600098
1.5343575477600098
1.5343575477600098
1.5343575477600098
1.5343575477600098
1.4285333156585693
1.3323408365249634
1.2292715311050415
1.2292715311050415
1.2292715311050415
1.2292715311050415
1.2292715311050415
1.2292715311050415
1.2292715311050415
1.2292715311050415
1.1278799772262573
1.0290844440460205
1.0290844440460205
1.0290844440460205
1.0290844440460205
1.0290844440460205
1.0290844440460205
1.0290844440460205
1.0290844440460205
1.0290844440460205
1.0290844440460205
1.0290844440460205
1.0290844440460205
1.0290844440460205
1.0290844440460205
0.9340450167655945
0.8420987129211426
0.8420987129211426
0.8420987129211426
0.8420987129211426
0.8420987129211426
0.8420987129211426
0.8420987129211426
0.8420987129211426
0.8420987129211426
0.8420987129211426
0.8420987129211426
0.7542191743850708
0.6675340533256531
0.6675340533256531
0.6675340533256531
0.6675340533256531
0.6675340533256531
0.6675340533256531
0.6675340533256531
0.6675340533256531
0.6675340533256531
0.6675340533256531
0.6675340533256531
0.6675340533256531
0.6675340533256531
0.5852884650230408
0.5061153769493103
0.5061153769493103
0.5061153769493103
0.5061153769493103
0.5061153769493103
0.5061153769493103
0.5061153769493103
0.5061153769493103
0.5061153769493103
0.5061153769493103
0.5061153769493103
0.5061153769493103
0.42956599593162537
0.3569313883781433
0.3569313883781433
0.3569313883781433
0.3569313883781433
0.3569313883781433
0.3569313883781433
0.3569313883781433
0.3569313883781433
0.2869342863559723
0.22041700780391693
0.22041700780391693
0.22041700780391693
0.22041700780391693
0.22041700780391693
0.22041700780391693
0.22041700780391693
0.22041700780391693
0.22041700780391693
0.22041700780391693
0.22041700780391693
0.15645436942577362
0.08990947902202606
0.08990947902202606
0.08990947902202606
0.08990947902202606
0.08990947902202606
0.08990947902202606
0.08990947902202606
0.08990947902202606
0.08990947902202606
0.08990947902202606
0.08990947902202606
0.08990947902202606
0.08990947902202606
0.03705607354640961
-0.0173024982213974
-0.06805696338415146
-0.06805696338415146
-0.06805696338415146
-0.06805696338415146
-0.06805696338415146
-0.06805696338415146
-0.06805696338415146
-0.06805696338415146
-0.06805696338415146
-0.06805696338415146
-0.06805696338415146
-0.11625678092241287
-0.11625678092241287
-0.11625678092241287
-0.11625678092241287
-0.11625678092241287
-0.11625678092241287
-0.11625678092241287
-0.11625678092241287
-0.11625678092241287
-0.11625678092241287
-0.11625678092241287
-0.11625678092241287
-0.11625678092241287
-0.11625678092241287
-0.1608041673898697
-0.2025207281112671
-0.24039842188358307
-0.24039842188358307
-0.24039842188358307
-0.24039842188358307
-0.24039842188358307
-0.24039842188358307
-0.24039842188358307
-0.24039842188358307
-0.30869704484939575
-0.30869704484939575
-0.30869704484939575
-0.30869704484939575
-0.30869704484939575
-0.30869704484939575
-0.30869704484939575
-0.30869704484939575
-0.30869704484939575
-0.30869704484939575
-0.30869704484939575
-0.30869704484939575
-0.30869704484939575
-0.30869704484939575
-0.33887630701065063
-0.3634077310562134
-0.3634077310562134
-0.3634077310562134
-0.3634077310562134
-0.3634077310562134
-0.3634077310562134
-0.3634077310562134
-0.3634077310562134
-0.3634077310562134
-0.38640639185905457
-0.4070023000240326
-0.4070023000240326
-0.4070023000240326
-0.4070023000240326
-0.4070023000240326
-0.4070023000240326
-0.4070023000240326
-0.4070023000240326
-0.4070023000240326
-0.4070023000240326
-0.4070023000240326
-0.4070023000240326
-0.4070023000240326
-0.4226270318031311
-0.4358006715774536
-0.4358006715774536
-0.4358006715774536
-0.4358006715774536
-0.4358006715774536
-0.4358006715774536
-0.4358006715774536
-0.4358006715774536
-0.4358006715774536
-0.4358006715774536
-0.4358006715774536
-0.44675111770629883
-0.45389029383659363
-0.45389029383659363
-0.45389029383659363
-0.45389029383659363
-0.45389029383659363
-0.45389029383659363
-0.45389029383659363
-0.45389029383659363
-0.45389029383659363
-0.45389029383659363
-0.45389029383659363
-0.45389029383659363
-0.45389029383659363
-0.4585024416446686
-0.46068423986434937
-0.46068423986434937
-0.46068423986434937
-0.46068423986434937
-0.46068423986434937
-0.46068423986434937
-0.46068423986434937
-0.46068423986434937
-0.46068423986434937
-0.46068423986434937
-0.46068423986434937
-0.46068423986434937
-0.4613332748413086
-0.46147826313972473
-0.46147826313972473
-0.46147826313972473
-0.46147826313972473
-0.46147826313972473
-0.46147826313972473
-0.46147826313972473
-0.46147826313972473
-0.46147826313972473
-0.46147826313972473
-0.4615265727043152
-0.4615404009819031
-0.4615404009819031
-0.4615404009819031
-0.4615404009819031
-0.4615404009819031
-0.4615404009819031
-0.4615404009819031
-0.4615404009819031
-0.4615404009819031
-0.4615404009819031
-0.4615404009819031
-0.4615404009819031
-0.4615404009819031
-0.4615404009819031
-0.4615404009819031
-0.4615541994571686
-0.461574912071228
-0.4615611135959625
-0.4615611135959625
-0.4615611135959625
-0.4615611135959625
-0.4615611135959625
-0.4615611135959625
-0.4615611135959625
-0.4615611135959625
-0.4615611135959625
-0.4615611135959625
-0.4615611135959625
-0.4615611135959625
-0.4615611135959625
-0.4615611135959625
-0.4615611135959625
-0.4615611135959625
-0.4615611135959625
-0.4615611135959625
-0.4615611135959625
-0.4615611135959625
-0.4615611135959625
-0.4615611135959625
-0.4615611135959625
-0.4615611135959625
-0.4615611135959625
-0.4615611135959625
-0.4615611135959625
-0.4615611135959625
-0.461574912071228
-0.461574912071228
-0.461574912071228
-0.461574912071228
-0.461574912071228
-0.4615611135959625
-0.46156802773475647
-0.46156802773475647
-0.46156802773475647
-0.46156802773475647
-0.46156802773475647
-0.46156802773475647
-0.46156802773475647
-0.46156802773475647
-0.46156802773475647
-0.46156802773475647
-0.46156802773475647
-0.46156802773475647
-0.46156802773475647
-0.46156802773475647
-0.461574912071228
-0.461574912071228
-0.461574912071228
-0.461574912071228
-0.461574912071228
-0.461574912071228
-0.461574912071228
-0.461574912071228
-0.461574912071228
-0.461574912071228
-0.461574912071228
-0.461574912071228
-0.461574912071228
-0.461574912071228
-0.461574912071228
-0.461574912071228
-0.461574912071228
-0.46156802773475647
-0.461581826210022
-0.461574912071228
-0.461581826210022
-0.461581826210022
-0.461581826210022
-0.461581826210022
-0.461581826210022
-0.461581826210022
-0.461581826210022
-0.461581826210022
-0.461581826210022
-0.461581826210022
-0.461581826210022
-0.461581826210022
-0.461581826210022
-0.461581826210022
-0.461581826210022
-0.461581826210022
-0.461581826210022
-0.461581826210022
-0.461581826210022
-0.461581826210022
-0.461581826210022
-0.461581826210022
-0.461581826210022
-0.461574912071228
-0.46156802773475647
-0.461574912071228
-0.46156802773475647
-0.46156802773475647
-0.46156802773475647
-0.46156802773475647
-0.46156802773475647
-0.46156802773475647
-0.46156802773475647
-0.46156802773475647
-0.46156802773475647
-0.46156802773475647
-0.46156802773475647
-0.46156802773475647
-0.46156802773475647
-0.46156802773475647
-0.461574912071228
-0.461574912071228
-0.461574912071228
-0.461574912071228
-0.461574912071228
-0.461574912071228
-0.461574912071228
-0.461574912071228
-0.461574912071228
-0.461574912071228
-0.461574912071228
-0.461574912071228
-0.461574912071228
-0.4615611135959625
-0.461574912071228
-0.4615611135959625
-0.4615611135959625
-0.4615611135959625
-0.4615611135959625
-0.4615611135959625
-0.4615611135959625
-0.4615611135959625
-0.4615611135959625
-0.4615611135959625
-0.4615611135959625
-0.4615611135959625
-0.4615611135959625
-0.4615611135959625
-0.4615611135959625
-0.4615611135959625
-0.4615611135959625
-0.4615611135959625
-0.4615611135959625
-0.461574912071228
-0.46156802773475647
-0.461574912071228
-0.46156802773475647
-0.46156802773475647
-0.46156802773475647
-0.46156802773475647
-0.46156802773475647
-0.46156802773475647
-0.46156802773475647
-0.46156802773475647
-0.46156802773475647
-0.46156802773475647
-0.46156802773475647
-0.46156802773475647
-0.46156802773475647
-0.46156802773475647
-0.46156802773475647
-0.46156802773475647
-0.46156802773475647
-0.46156802773475647
-0.46156802773475647
-0.4615611135959625
-0.4615611135959625
-0.4615611135959625
-0.46156802773475647
-0.461574912071228
-0.461574912071228
-0.461574912071228
-0.461574912071228
-0.461574912071228
-0.461574912071228
-0.461574912071228
-0.461574912071228
-0.461574912071228
-0.46156802773475647
-0.461574912071228
-0.461574912071228
-0.461574912071228
-0.461574912071228
-0.461574912071228
-0.461574912071228
-0.461574912071228
-0.461574912071228
-0.461574912071228
-0.461574912071228
-0.46156802773475647
-0.46156802773475647
-0.46156802773475647
-0.46156802773475647
-0.46156802773475647
-0.46156802773475647
-0.46156802773475647
-0.46156802773475647
-0.46156802773475647
-0.46156802773475647
-0.46156802773475647
-0.46156802773475647
-0.46156802773475647
-0.46156802773475647
-0.46156802773475647
-0.46156802773475647
-0.46156802773475647
-0.46156802773475647
-0.46156802773475647
-0.46156802773475647
-0.46156802773475647
-0.46156802773475647
-0.4615611135959625
-0.46156802773475647
-0.46156802773475647
-0.46156802773475647
-0.46156802773475647
-0.46156802773475647
-0.46156802773475647
-0.46156802773475647
-0.4615611135959625
-0.4615611135959625
-0.4615611135959625
-0.4615611135959625
-0.4615611135959625
-0.46156802773475647
-0.46156802773475647
-0.46156802773475647
-0.46156802773475647
-0.46156802773475647
-0.46156802773475647
-0.46156802773475647
-0.46156802773475647
-0.46156802773475647
-0.46156802773475647
-0.46156802773475647
-0.46156802773475647
-0.46156802773475647
-0.46156802773475647
-0.46156802773475647
-0.46156802773475647
-0.4615611135959625
-0.4615611135959625
-0.4615611135959625
-0.4615611135959625
-0.4615611135959625
-0.4615611135959625
-0.4615611135959625
-0.46156802773475647
-0.46156802773475647
-0.46156802773475647
-0.4615611135959625
-0.4615611135959625
-0.4615611135959625
-0.4615611135959625
-0.4615611135959625
-0.4615611135959625
-0.4615611135959625
-0.46156802773475647
-0.4615611135959625
-0.4615611135959625
-0.4615611135959625
-0.4615611135959625
-0.4615611135959625
-0.4615611135959625
-0.4615611135959625
-0.4615611135959625
-0.46156802773475647
-0.4615611135959625
-0.4615611135959625
-0.4615611135959625
-0.4615611135959625
-0.4615611135959625
-0.46156802773475647
-0.46156802773475647
-0.4615611135959625
-0.4615611135959625
-0.4615611135959625
-0.4615611135959625
-0.4615611135959625
-0.46156802773475647
-0.46156802773475647
-0.46156802773475647
-0.4615611135959625
-0.46156802773475647
-0.4615611135959625
-0.4615611135959625
-0.4615611135959625
-0.46156802773475647
-0.46156802773475647
-0.46156802773475647
-0.46156802773475647
-0.46156802773475647
-0.46156802773475647
-0.46156802773475647
-0.4615611135959625
-0.4615611135959625
-0.46156802773475647
-0.46156802773475647
-0.46156802773475647
-0.46156802773475647
-0.46156802773475647
-0.46156802773475647
-0.4615611135959625
-0.46156802773475647
-0.46156802773475647
-0.46156802773475647
-0.46156802773475647
-0.46156802773475647
-0.46156802773475647
-0.46156802773475647
-0.46156802773475647
-0.46156802773475647
-0.46156802773475647
-0.4615611135959625
-0.4615611135959625
-0.4615611135959625
-0.46156802773475647
-0.46156802773475647
-0.46156802773475647
-0.46156802773475647
-0.46156802773475647
-0.4615611135959625
-0.46156802773475647
-0.46156802773475647
-0.46156802773475647
-0.46156802773475647
-0.46156802773475647
-0.46156802773475647
-0.46156802773475647
-0.46156802773475647
-0.46156802773475647
-0.46156802773475647
-0.46156802773475647
-0.46156802773475647
-0.46156802773475647
-0.46156802773475647
-0.46156802773475647
-0.4615611135959625
-0.46156802773475647
-0.46156802773475647
-0.46156802773475647
-0.46156802773475647
-0.46156802773475647
-0.4615611135959625
-0.4615611135959625
-0.4615611135959625
-0.4615611135959625
-0.4615611135959625
-0.46156802773475647
-0.4615611135959625
-0.46156802773475647
-0.46156802773475647
-0.46156802773475647
-0.46156802773475647
-0.46156802773475647
-0.46156802773475647
-0.46156802773475647
-0.46156802773475647
-0.46156802773475647
-0.46156802773475647
-0.46156802773475647
-0.46156802773475647
-0.46156802773475647
-0.46156802773475647
-0.4615611135959625
-0.4615611135959625
-0.4615611135959625
-0.46156802773475647
-0.46156802773475647
-0.46156802773475647
-0.4615611135959625
-0.4615611135959625
-0.4615611135959625
-0.4615611135959625
-0.4615611135959625
-0.4615611135959625
-0.4615611135959625
-0.4615611135959625
-0.4615611135959625
-0.46156802773475647
-0.4615611135959625
-0.4615611135959625
-0.4615611135959625
-0.4615611135959625
-0.4615611135959625
-0.4615611135959625
-0.46156802773475647
-0.46156802773475647
-0.46156802773475647
-0.4615611135959625
-0.46156802773475647
-0.46156802773475647
-0.46156802773475647
-0.46156802773475647
-0.46156802773475647
-0.46156802773475647
-0.46156802773475647
-0.46156802773475647
-0.46156802773475647
-0.46156802773475647
-0.46156802773475647
-0.46156802773475647
-0.46156802773475647
-0.46156802773475647
-0.46156802773475647
-0.46156802773475647
-0.4615611135959625
-0.4615611135959625
-0.4615611135959625
-0.4615611135959625
-0.46156802773475647
-0.4615611135959625
-0.4615611135959625
-0.4615611135959625
-0.4615611135959625
-0.4615611135959625
-0.4615611135959625
-0.46156802773475647
-0.46156802773475647
-0.46156802773475647
-0.46156802773475647
-0.46156802773475647
-0.46156802773475647
-0.46156802773475647
-0.46156802773475647
-0.4615611135959625
-0.46156802773475647
-0.461574912071228
-0.461574912071228
-0.461574912071228
-0.461574912071228
-0.461574912071228
-0.461574912071228
-0.461574912071228
-0.461574912071228
-0.461574912071228
-0.46156802773475647
-0.4615611135959625
-0.4615611135959625
-0.4615611135959625
-0.4615611135959625
-0.4615611135959625
-0.4615611135959625
-0.46156802773475647
-0.46156802773475647
-0.4615611135959625
-0.46156802773475647
-0.46156802773475647
-0.46156802773475647
-0.46156802773475647
-0.46156802773475647
-0.46156802773475647
-0.46156802773475647
-0.46156802773475647
-0.46156802773475647
-0.46156802773475647
-0.46156802773475647
-0.46156802773475647
-0.46156802773475647
-0.46156802773475647
-0.46156802773475647
-0.461574912071228
-0.461574912071228
-0.461574912071228
-0.461574912071228
-0.461574912071228
-0.461574912071228
-0.461574912071228
-0.461574912071228
-0.461574912071228
-0.461574912071228
-0.461574912071228
-0.461574912071228
-0.461574912071228
-0.46156802773475647
-0.46156802773475647
-0.46156802773475647
-0.46156802773475647
-0.4615611135959625
-0.46156802773475647
-0.4615611135959625
-0.4615611135959625
-0.4615611135959625
-0.4615611135959625
-0.46156802773475647
-0.4615611135959625
-0.4615611135959625
-0.4615611135959625
-0.4615611135959625
-0.4615611135959625
-0.46156802773475647
-0.4615611135959625
-0.4615611135959625
-0.4615611135959625
-0.4615611135959625
-0.4615611135959625
-0.4615611135959625
-0.46156802773475647
-0.46156802773475647
-0.46156802773475647
-0.46156802773475647
-0.46156802773475647
-0.46156802773475647
-0.46156802773475647
-0.46156802773475647
-0.46156802773475647
-0.46156802773475647
-0.46156802773475647
-0.46156802773475647
-0.46156802773475647
-0.46156802773475647
-0.4615611135959625
-0.46156802773475647
-0.46156802773475647
-0.46156802773475647
-0.46156802773475647
-0.46156802773475647
-0.46156802773475647
-0.46156802773475647
-0.46156802773475647
-0.46156802773475647
-0.46156802773475647
-0.46156802773475647
-0.46156802773475647
-0.46156802773475647
-0.46156802773475647
-0.46156802773475647
-0.46156802773475647
-0.4615611135959625
-0.46156802773475647
-0.46156802773475647
-0.46156802773475647
-0.46156802773475647
-0.46156802773475647
-0.46156802773475647
-0.46156802773475647
-0.46156802773475647
-0.46156802773475647
-0.46156802773475647
-0.46156802773475647
-0.46156802773475647
-0.46156802773475647
-0.46156802773475647
-0.46156802773475647
-0.46156802773475647
-0.4615611135959625
-0.4615611135959625
-0.4615611135959625
-0.4615611135959625
-0.4615611135959625
-0.4615611135959625
-0.4615611135959625
-0.4615611135959625
-0.4615611135959625
-0.4615611135959625
-0.4615611135959625
-0.4615611135959625
-0.46156802773475647
-0.46156802773475647
-0.46156802773475647
-0.46156802773475647
-0.4615611135959625
-0.4615611135959625
-0.4615611135959625
-0.4615611135959625
-0.4615611135959625
-0.4615611135959625
-0.46156802773475647
-0.46156802773475647
-0.46156802773475647
-0.46156802773475647
-0.46156802773475647
-0.4615611135959625
-0.46156802773475647
-0.46156802773475647
-0.46156802773475647
-0.46156802773475647
-0.46156802773475647
-0.46156802773475647
-0.46156802773475647
-0.46156802773475647
-0.46156802773475647
-0.46156802773475647
-0.46156802773475647
-0.46156802773475647
-0.4615611135959625
-0.46156802773475647
-0.46156802773475647
-0.46156802773475647
-0.46156802773475647
-0.46156802773475647
-0.46156802773475647
-0.46156802773475647
-0.46156802773475647
-0.46156802773475647
-0.46156802773475647
-0.46156802773475647
-0.46156802773475647
-0.46156802773475647
-0.4615611135959625
-0.46156802773475647
-0.46156802773475647
-0.46156802773475647
-0.46156802773475647
-0.46156802773475647
-0.46156802773475647
-0.46156802773475647
-0.46156802773475647
-0.46156802773475647
-0.46156802773475647
-0.461574912071228
-0.4615611135959625
-0.46156802773475647
-0.46156802773475647
-0.46156802773475647
-0.46156802773475647
-0.46156802773475647
-0.46156802773475647
-0.46156802773475647
-0.46156802773475647
-0.46156802773475647
-0.46156802773475647
-0.46156802773475647
-0.46156802773475647
-0.46156802773475647
-0.4615611135959625
-0.46156802773475647
-0.46156802773475647
-0.46156802773475647
-0.46156802773475647
-0.46156802773475647
-0.46156802773475647
-0.46156802773475647
-0.46156802773475647
-0.461574912071228
-0.46156802773475647
-0.46156802773475647
-0.46156802773475647
-0.46156802773475647
-0.461574912071228
-0.46156802773475647
-0.46156802773475647
-0.46156802773475647
-0.46156802773475647
-0.46156802773475647
-0.46156802773475647
-0.46156802773475647
-0.46156802773475647
-0.46156802773475647
-0.46156802773475647
-0.4615611135959625
-0.4615611135959625
-0.4615611135959625
-0.4615611135959625
-0.4615611135959625
-0.4615611135959625
-0.4615611135959625
-0.4615611135959625
-0.4615611135959625
-0.46156802773475647
-0.46156802773475647
-0.46156802773475647
-0.46156802773475647
-0.46156802773475647
-0.46156802773475647
-0.46156802773475647
-0.461574912071228
-0.46156802773475647
-0.46156802773475647
-0.46156802773475647
-0.46156802773475647
-0.46156802773475647
-0.46156802773475647
-0.46156802773475647
-0.46156802773475647
-0.46156802773475647
-0.46156802773475647
-0.46156802773475647
-0.46156802773475647
-0.46156802773475647
-0.46156802773475647
-0.46156802773475647
-0.46156802773475647
-0.46156802773475647
-0.46156802773475647
-0.46156802773475647
-0.46156802773475647
-0.46156802773475647
-0.46156802773475647
-0.46156802773475647
-0.46156802773475647
-0.46156802773475647
-0.46156802773475647
