74.32049560546875
74.32049560546875
74.32049560546875
74.32049560546875
74.32050323486328
74.32050323486328
74.32050323486328
74.32050323486328
74.32049560546875
74.32049560546875
74.32049560546875
74.32049560546875
74.32050323486328
74.32048797607422
74.32050323486328
74.32050323486328
74.32050323486328
74.32050323486328
74.32050323486328
74.32048797607422
74.32050323486328
74.32050323486328
74.32050323486328
74.32050323486328
74.32050323486328
74.32050323486328
74.32050323486328
74.32050323486328
74.32050323486328
74.32050323486328
74.32050323486328
74.32050323486328
74.32050323486328
74.32050323486328
74.32050323486328
74.32050323486328
74.32050323486328
74.32050323486328
74.32050323486328
74.32050323486328
74.32050323486328
74.32050323486328
74.32048797607422
74.32050323486328
74.32050323486328
74.32050323486328
74.32050323486328
74.32050323486328
74.32050323486328
74.32050323486328
74.32050323486328
74.32050323486328
74.32050323486328
74.32050323486328
74.32050323486328
74.32050323486328
74.32049560546875
74.32049560546875
74.32049560546875
74.32049560546875
74.32050323486328
74.32050323486328
74.32050323486328
74.32050323486328
74.32050323486328
74.32050323486328
74.32050323486328
74.32050323486328
74.32050323486328
74.32050323486328
74.32050323486328
74.32050323486328
74.32050323486328
74.32050323486328
74.32050323486328
74.32050323486328
74.32050323486328
74.32050323486328
74.32050323486328
74.32050323486328
74.32050323486328
74.32050323486328
74.32050323486328
74.32050323486328
74.32050323486328
74.32050323486328
74.32050323486328
74.32048797607422
74.32050323486328
74.32050323486328
74.32050323486328
74.32050323486328
74.32050323486328
74.32050323486328
74.32050323486328
74.32050323486328
74.32050323486328
74.32050323486328
74.32050323486328
74.32050323486328
74.32050323486328
74.32050323486328
74.32050323486328
74.32048797607422
74.32049560546875
74.32050323486328
74.32050323486328
74.32050323486328
74.32050323486328
74.32050323486328
74.32050323486328
74.32050323486328
74.32050323486328
74.32050323486328
74.32050323486328
74.32030487060547
74.32009887695312
74.31993103027344
74.31993103027344
74.31993103027344
74.31993103027344
74.31993103027344
74.31993103027344
74.31993103027344
74.31993103027344
74.31993103027344
74.31993103027344
74.31993103027344
74.31983947753906
74.31983947753906
74.31983947753906
74.31983947753906
74.31983947753906
74.31983947753906
74.31983947753906
74.31983947753906
74.31983947753906
74.31975555419922
74.31963348388672
74.31963348388672
74.31963348388672
74.31963348388672
74.31963348388672
74.31963348388672
74.31963348388672
74.31954193115234
74.31945037841797
74.31945037841797
74.31945037841797
74.31945037841797
74.31945037841797
74.31945037841797
74.31945037841797
74.31945037841797
74.31945037841797
74.31938171386719
74.31927490234375
74.31927490234375
74.31927490234375
74.31927490234375
74.31927490234375
74.31927490234375
74.31927490234375
74.31927490234375
74.31927490234375
74.31927490234375
74.31927490234375
74.31916046142578
74.31836700439453
74.31836700439453
74.31836700439453
74.31836700439453
74.31836700439453
74.31836700439453
74.31836700439453
74.31836700439453
74.31836700439453
74.31836700439453
74.31836700439453
74.31632995605469
74.31169128417969
74.31169128417969
74.31169128417969
74.31169128417969
74.31169128417969
74.31169128417969
74.31169128417969
74.31169128417969
74.31169128417969
74.31169128417969
74.31169128417969
74.30553436279297
74.29474639892578
74.29474639892578
74.29474639892578
74.29474639892578
74.29474639892578
74.29474639892578
74.29474639892578
74.29474639892578
74.29474639892578
74.29474639892578
74.29474639892578
74.2499771118164
74.2499771118164
74.2499771118164
74.2499771118164
74.2499771118164
74.2499771118164
74.2499771118164
74.2499771118164
74.2499771118164
74.2499771118164
74.22457122802734
74.19718933105469
74.16726684570312
74.16726684570312
74.16726684570312
74.16726684570312
74.16726684570312
74.16726684570312
74.16726684570312
74.16726684570312
74.16726684570312
74.16726684570312
74.16726684570312
74.16726684570312
74.16726684570312
74.16726684570312
74.13316345214844
74.13316345214844
74.13316345214844
74.13316345214844
74.13316345214844
74.13316345214844
74.13316345214844
74.13316345214844
74.13316345214844
74.13316345214844
74.13316345214844
74.09666442871094
74.06002807617188
74.06002807617188
74.06002807617188
74.06002807617188
74.06002807617188
74.06002807617188
74.06002807617188
74.06002807617188
74.06002807617188
74.06002807617188
74.017822265625
73.9715347290039
73.92277526855469
73.92277526855469
73.92277526855469
73.92277526855469
73.92277526855469
73.92277526855469
73.92277526855469
73.92277526855469
73.92277526855469
73.92277526855469
73.92277526855469
73.92277526855469
73.92277526855469
73.92277526855469
73.87020874023438
73.81411743164062
73.81411743164062
73.81411743164062
73.81411743164062
73.81411743164062
73.81411743164062
73.81411743164062
73.81411743164062
73.81411743164062
73.81411743164062
73.81411743164062
73.75546264648438
73.69288635253906
73.69288635253906
73.69288635253906
73.69288635253906
73.69288635253906
73.69288635253906
73.69288635253906
73.69288635253906
73.69288635253906
73.69288635253906
73.69288635253906
73.62740325927734
73.55925750732422
73.55925750732422
73.55925750732422
73.55925750732422
73.55925750732422
73.55925750732422
73.55925750732422
73.55925750732422
73.55925750732422
73.55925750732422
73.55925750732422
73.48773193359375
73.41131591796875
73.41131591796875
73.41131591796875
73.41131591796875
73.41131591796875
73.41131591796875
73.41131591796875
73.41131591796875
73.41131591796875
73.41131591796875
73.41131591796875
73.33261108398438
73.25133514404297
73.25133514404297
73.25133514404297
73.25133514404297
73.25133514404297
73.25133514404297
73.25133514404297
73.25133514404297
73.25133514404297
73.25133514404297
73.25133514404297
73.25133514404297
73.25133514404297
73.25133514404297
73.16593170166016
73.07831573486328
73.07831573486328
73.07831573486328
73.07831573486328
73.07831573486328
73.07831573486328
73.07831573486328
73.07831573486328
72.9866943359375
72.89181518554688
72.79411315917969
72.79411315917969
72.79411315917969
72.79411315917969
72.79411315917969
72.79411315917969
72.79411315917969
72.79411315917969
72.79411315917969
72.79411315917969
72.79411315917969
72.79411315917969
72.79411315917969
72.79411315917969
72.69293975830078
72.69293975830078
72.69293975830078
72.69293975830078
72.69293975830078
72.69293975830078
72.69293975830078
72.69293975830078
72.69293975830078
72.69293975830078
72.69293975830078
72.58003234863281
72.48115539550781
72.37281036376953
72.37281036376953
72.37281036376953
72.37281036376953
72.37281036376953
72.37281036376953
72.37281036376953
72.37281036376953
72.37281036376953
72.37281036376953
72.37281036376953
72.26283264160156
72.26283264160156
72.26283264160156
72.26283264160156
72.26283264160156
72.26283264160156
72.26283264160156
72.26283264160156
72.26283264160156
72.26283264160156
72.15319061279297
72.04313659667969
71.9331283569336
71.9331283569336
71.9331283569336
71.9331283569336
71.9331283569336
71.9331283569336
71.9331283569336
71.9331283569336
71.9331283569336
71.9331283569336
71.9331283569336
71.9331283569336
71.82368469238281
71.82368469238281
71.82368469238281
71.82368469238281
71.82368469238281
71.82368469238281
71.82368469238281
71.82368469238281
71.82368469238281
71.82368469238281
71.82368469238281
71.71336364746094
71.6037826538086
71.49356079101562
71.49356079101562
71.49356079101562
71.49356079101562
71.49356079101562
71.49356079101562
71.49356079101562
71.49356079101562
71.49356079101562
71.49356079101562
71.49356079101562
71.49356079101562
71.49356079101562
71.49356079101562
71.49356079101562
71.49356079101562
71.49356079101562
71.49356079101562
71.49356079101562
71.49356079101562
71.38444519042969
71.27437591552734
71.16497039794922
71.05518341064453
71.05518341064453
71.05518341064453
71.05518341064453
71.05518341064453
71.05518341064453
71.05518341064453
71.05518341064453
71.05518341064453
71.05518341064453
71.05518341064453
71.05518341064453
71.05518341064453
71.05518341064453
71.05518341064453
71.05518341064453
71.05518341064453
71.05518341064453
71.05518341064453
71.05518341064453
71.05518341064453
70.94625854492188
70.84532165527344
70.72679901123047
70.61681365966797
70.61681365966797
70.61681365966797
70.61681365966797
70.61681365966797
70.61681365966797
70.61681365966797
70.61681365966797
70.61681365966797
70.61681365966797
70.61681365966797
70.61681365966797
70.61681365966797
70.61681365966797
70.61681365966797
70.61681365966797
70.50753784179688
70.3978042602539
70.28794860839844
70.28794860839844
70.28794860839844
70.28794860839844
70.28794860839844
70.28794860839844
70.28794860839844
70.28794860839844
70.28794860839844
70.28794860839844
70.28794860839844
70.28794860839844
70.28794860839844
70.28794860839844
70.28794860839844
70.28794860839844
70.28794860839844
70.28794860839844
70.28794860839844
70.28794860839844
70.17829895019531
70.06893920898438
69.94994354248047
69.84051513671875
69.84051513671875
69.84051513671875
69.84051513671875
69.84051513671875
69.84051513671875
69.84051513671875
69.84051513671875
69.84051513671875
69.84051513671875
69.84051513671875
69.84051513671875
69.84051513671875
69.84051513671875
69.84051513671875
69.84051513671875
69.84051513671875
69.84051513671875
69.84051513671875
69.84051513671875
69.84051513671875
69.74012756347656
69.63096618652344
69.52091979980469
69.41148376464844
69.41148376464844
69.41148376464844
69.41148376464844
69.41148376464844
69.41148376464844
69.41148376464844
69.41148376464844
69.41148376464844
69.41148376464844
69.41148376464844
69.41148376464844
69.41148376464844
69.41148376464844
69.41148376464844
69.3109130859375
69.19232177734375
69.19232177734375
69.19232177734375
69.19232177734375
69.19232177734375
69.19232177734375
69.19232177734375
69.19232177734375
69.19232177734375
69.19232177734375
69.19232177734375
69.08240509033203
68.97238159179688
68.97238159179688
68.97238159179688
68.97238159179688
68.97238159179688
68.97238159179688
68.97238159179688
68.97238159179688
68.97238159179688
68.97238159179688
68.97238159179688
68.86326599121094
68.71659088134766
68.71659088134766
68.71659088134766
68.71659088134766
68.71659088134766
68.71659088134766
68.71659088134766
68.71659088134766
68.71659088134766
68.71659088134766
68.71659088134766
68.61609649658203
68.50624084472656
68.50624084472656
68.50624084472656
68.50624084472656
68.50624084472656
68.50624084472656
68.50624084472656
68.50624084472656
68.50624084472656
68.50624084472656
68.50624084472656
68.3970718383789
68.28722381591797
68.28722381591797
68.28722381591797
68.28722381591797
68.28722381591797
68.28722381591797
68.28722381591797
68.28722381591797
68.28722381591797
68.28722381591797
68.28722381591797
68.1775131225586
68.06793975830078
68.06793975830078
68.06793975830078
68.06793975830078
68.06793975830078
68.06793975830078
68.06793975830078
68.06793975830078
68.06793975830078
68.06793975830078
68.06793975830078
68.06793975830078
67.95860290527344
67.84835815429688
67.84835815429688
67.84835815429688
67.84835815429688
67.84835815429688
67.84835815429688
67.84835815429688
67.84835815429688
67.84835815429688
67.84835815429688
67.84835815429688
67.84835815429688
67.73869323730469
67.62874603271484
67.5193862915039
67.5193862915039
67.5193862915039
67.5193862915039
67.5193862915039
67.5193862915039
67.5193862915039
67.5193862915039
67.5193862915039
67.5193862915039
67.5193862915039
67.5193862915039
67.5193862915039
67.5193862915039
67.4092788696289
67.4092788696289
67.4092788696289
67.4092788696289
67.4092788696289
67.4092788696289
67.4092788696289
67.4092788696289
67.29972076416016
67.1994857788086
67.0806655883789
67.0806655883789
67.0806655883789
67.0806655883789
67.0806655883789
67.0806655883789
67.0806655883789
67.0806655883789
67.0806655883789
67.0806655883789
67.0806655883789
67.0806655883789
67.0806655883789
67.0806655883789
66.97048950195312
66.97048950195312
66.97048950195312
66.97048950195312
66.97048950195312
66.97048950195312
66.97048950195312
66.97048950195312
66.97048950195312
66.86064147949219
66.75116729736328
66.64156341552734
66.64156341552734
66.64156341552734
66.64156341552734
66.64156341552734
66.64156341552734
66.64156341552734
66.64156341552734
66.64156341552734
66.64156341552734
66.64156341552734
66.64156341552734
66.64156341552734
66.53155517578125
66.42189025878906
66.42189025878906
66.42189025878906
66.42189025878906
66.42189025878906
66.42189025878906
66.42189025878906
66.42189025878906
66.42189025878906
66.42189025878906
66.42189025878906
66.3125
66.21184539794922
66.21184539794922
66.21184539794922
66.21184539794922
66.21184539794922
66.21184539794922
66.21184539794922
66.21184539794922
66.21184539794922
66.21184539794922
66.21184539794922
66.09282684326172
65.98242950439453
65.98242950439453
65.98242950439453
65.98242950439453
65.98242950439453
65.98242950439453
65.98242950439453
65.98242950439453
65.98242950439453
65.98242950439453
65.98242950439453
65.87327575683594
65.75395202636719
65.75395202636719
65.75395202636719
65.75395202636719
65.75395202636719
65.75395202636719
65.75395202636719
65.75395202636719
65.75395202636719
65.75395202636719
65.75395202636719
65.65345764160156
65.54376983642578
65.54376983642578
65.54376983642578
65.54376983642578
65.54376983642578
65.54376983642578
65.54376983642578
65.54376983642578
65.54376983642578
65.54376983642578
65.54376983642578
65.43476867675781
65.32492065429688
65.32492065429688
65.32492065429688
65.32492065429688
65.32492065429688
65.32492065429688
65.32492065429688
65.32492065429688
65.32492065429688
65.32492065429688
65.32492065429688
65.32492065429688
65.32492065429688
65.32492065429688
65.21524810791016
65.10594177246094
65.10594177246094
65.10594177246094
65.10594177246094
65.10594177246094
65.10594177246094
65.10594177246094
65.10594177246094
65.10594177246094
65.10594177246094
64.99671173095703
64.88703918457031
64.77716064453125
64.77716064453125
64.77716064453125
64.77716064453125
64.77716064453125
64.77716064453125
64.77716064453125
64.77716064453125
64.77716064453125
64.77716064453125
64.77716064453125
64.77716064453125
64.77716064453125
64.77716064453125
64.667724609375
64.667724609375
64.667724609375
64.667724609375
64.667724609375
64.667724609375
64.667724609375
64.667724609375
64.667724609375
64.55799102783203
64.44853973388672
64.34749603271484
64.34749603271484
64.34749603271484
64.34749603271484
64.34749603271484
64.34749603271484
64.34749603271484
64.34749603271484
64.34749603271484
64.34749603271484
64.34749603271484
64.34749603271484
64.34749603271484
64.2476806640625
64.13758850097656
64.13758850097656
64.13758850097656
64.13758850097656
64.13758850097656
64.13758850097656
64.13758850097656
64.13758850097656
64.13758850097656
64.13758850097656
64.13758850097656
64.02806091308594
63.92695617675781
63.92695617675781
63.92695617675781
63.92695617675781
63.92695617675781
63.92695617675781
63.92695617675781
63.92695617675781
63.92695617675781
63.92695617675781
63.92695617675781
63.92695617675781
63.92695617675781
63.81782150268555
63.70820999145508
63.598777770996094
63.598777770996094
63.598777770996094
63.598777770996094
63.598777770996094
63.598777770996094
63.598777770996094
63.598777770996094
63.598777770996094
63.598777770996094
63.598777770996094
63.49791717529297
63.49791717529297
63.49791717529297
63.49791717529297
63.49791717529297
63.49791717529297
63.49791717529297
63.49791717529297
63.49791717529297
63.49791717529297
63.379722595214844
63.2697639465332
63.2697639465332
63.2697639465332
63.2697639465332
63.2697639465332
63.2697639465332
63.2697639465332
63.2697639465332
63.2697639465332
63.2697639465332
63.15965270996094
63.04962158203125
63.04962158203125
63.04962158203125
63.04962158203125
63.04962158203125
63.04962158203125
63.04962158203125
63.04962158203125
63.04962158203125
63.04962158203125
63.04962158203125
63.04962158203125
63.04962158203125
63.04962158203125
62.93950653076172
62.83002471923828
62.83002471923828
62.83002471923828
62.83002471923828
62.83002471923828
62.83002471923828
62.83002471923828
62.83002471923828
62.83002471923828
62.83002471923828
62.71928405761719
62.60979080200195
62.4997444152832
62.4997444152832
62.4997444152832
62.4997444152832
62.4997444152832
62.4997444152832
62.4997444152832
62.4997444152832
62.4997444152832
62.4997444152832
62.4997444152832
62.4997444152832
62.4997444152832
62.4997444152832
62.399803161621094
62.399803161621094
62.399803161621094
62.399803161621094
62.399803161621094
62.399803161621094
62.399803161621094
62.399803161621094
62.399803161621094
62.399803161621094
62.298641204833984
62.18937301635742
62.08877944946289
62.08877944946289
62.08877944946289
62.08877944946289
62.08877944946289
62.08877944946289
62.08877944946289
62.08877944946289
62.08877944946289
62.08877944946289
62.08877944946289
62.08877944946289
61.97958755493164
61.86030960083008
61.86030960083008
61.86030960083008
61.86030960083008
61.86030960083008
61.86030960083008
61.86030960083008
61.86030960083008
61.86030960083008
61.86030960083008
61.86030960083008
61.76017761230469
61.65058898925781
61.65058898925781
61.65058898925781
61.65058898925781
61.65058898925781
61.65058898925781
61.65058898925781
61.65058898925781
61.65058898925781
61.65058898925781
61.65058898925781
61.65058898925781
61.65058898925781
61.541114807128906
61.431156158447266
61.32110595703125
61.32110595703125
61.32110595703125
61.32110595703125
61.32110595703125
61.32110595703125
61.32110595703125
61.32110595703125
61.32110595703125
61.32110595703125
61.32110595703125
61.202781677246094
61.202781677246094
61.202781677246094
61.202781677246094
61.202781677246094
61.202781677246094
61.202781677246094
61.202781677246094
61.202781677246094
61.202781677246094
61.202781677246094
61.202781677246094
61.10187911987305
60.992679595947266
60.88278579711914
60.88278579711914
60.88278579711914
60.88278579711914
60.88278579711914
60.88278579711914
60.88278579711914
60.88278579711914
60.88278579711914
60.88278579711914
60.88278579711914
60.88278579711914
60.77383804321289
60.66373825073242
60.66373825073242
60.66373825073242
60.66373825073242
60.66373825073242
60.66373825073242
60.66373825073242
60.66373825073242
60.66373825073242
60.66373825073242
60.66373825073242
60.66373825073242
60.55442810058594
60.44454574584961
60.44454574584961
60.44454574584961
60.44454574584961
60.44454574584961
60.44454574584961
60.44454574584961
60.44454574584961
60.44454574584961
60.44454574584961
60.33523178100586
60.22539138793945
60.22539138793945
60.22539138793945
60.22539138793945
60.22539138793945
60.22539138793945
60.22539138793945
60.22539138793945
60.22539138793945
60.22539138793945
60.22539138793945
60.11574172973633
59.95118713378906
59.95118713378906
59.95118713378906
59.95118713378906
59.95118713378906
59.95118713378906
59.95118713378906
59.95118713378906
59.95118713378906
59.676944732666016
59.676944732666016
59.676944732666016
59.676944732666016
59.676944732666016
59.676944732666016
59.47578048706055
59.47578048706055
59.47578048706055
59.47578048706055
59.47578048706055
59.47578048706055
59.47578048706055
59.210628509521484
59.10105895996094
59.10105895996094
59.10105895996094
59.10105895996094
59.10105895996094
59.10105895996094
59.10105895996094
59.10105895996094
59.10105895996094
59.10105895996094
59.10105895996094
58.991661071777344
58.991661071777344
58.991661071777344
58.991661071777344
58.991661071777344
58.991661071777344
58.991661071777344
58.991661071777344
58.991661071777344
58.991661071777344
58.991661071777344
58.88181686401367
58.77208709716797
58.77208709716797
58.77208709716797
58.77208709716797
58.77208709716797
58.77208709716797
58.77208709716797
58.77208709716797
58.77208709716797
58.77208709716797
58.66267013549805
58.55254364013672
58.55254364013672
58.55254364013672
58.55254364013672
58.55254364013672
58.55254364013672
58.55254364013672
58.55254364013672
58.55254364013672
58.55254364013672
58.55254364013672
58.442867279052734
58.332481384277344
58.223384857177734
58.223384857177734
58.223384857177734
58.223384857177734
58.223384857177734
58.223384857177734
58.223384857177734
58.223384857177734
58.223384857177734
58.223384857177734
58.223384857177734
58.223384857177734
58.113216400146484
58.113216400146484
58.113216400146484
58.113216400146484
58.113216400146484
58.113216400146484
58.113216400146484
58.113216400146484
58.113216400146484
58.113216400146484
58.113216400146484
58.004005432128906
57.89398193359375
57.775569915771484
57.775569915771484
57.775569915771484
57.775569915771484
57.775569915771484
57.775569915771484
57.775569915771484
57.775569915771484
57.775569915771484
57.775569915771484
57.67469024658203
57.67469024658203
57.67469024658203
57.67469024658203
57.67469024658203
57.67469024658203
57.67469024658203
57.67469024658203
57.67469024658203
57.67469024658203
57.67469024658203
57.67469024658203
57.44618225097656
57.33665466308594
57.33665466308594
57.33665466308594
57.33665466308594
57.33665466308594
57.33665466308594
57.33665466308594
57.33665466308594
57.33665466308594
57.33665466308594
57.33665466308594
57.23578643798828
57.12612533569336
57.12612533569336
57.12612533569336
57.12612533569336
57.12612533569336
57.12612533569336
57.12612533569336
57.12612533569336
57.12612533569336
57.12612533569336
57.12612533569336
57.01641082763672
56.90702819824219
56.90702819824219
56.90702819824219
56.90702819824219
56.90702819824219
56.90702819824219
56.90702819824219
56.90702819824219
56.90702819824219
56.90702819824219
56.90702819824219
56.79661178588867
56.686553955078125
56.686553955078125
56.686553955078125
56.686553955078125
56.686553955078125
56.686553955078125
56.686553955078125
56.686553955078125
56.686553955078125
56.686553955078125
56.686553955078125
56.577144622802734
56.46780014038086
56.35777282714844
56.35777282714844
56.35777282714844
56.35777282714844
56.35777282714844
56.35777282714844
56.35777282714844
56.35777282714844
56.35777282714844
56.35777282714844
56.35777282714844
56.35777282714844
56.35777282714844
56.24835205078125
56.24835205078125
56.24835205078125
56.24835205078125
56.24835205078125
56.24835205078125
56.24835205078125
56.24835205078125
56.24835205078125
56.24835205078125
56.24835205078125
56.13901901245117
56.02970504760742
55.9200439453125
55.9200439453125
55.9200439453125
55.9200439453125
55.9200439453125
55.9200439453125
55.9200439453125
55.9200439453125
55.9200439453125
55.9200439453125
55.9200439453125
55.9200439453125
55.810272216796875
55.810272216796875
55.810272216796875
55.810272216796875
55.810272216796875
55.810272216796875
55.810272216796875
55.810272216796875
55.810272216796875
55.810272216796875
55.810272216796875
55.71034240722656
55.591331481933594
55.4819221496582
55.4819221496582
55.4819221496582
55.4819221496582
55.4819221496582
55.4819221496582
55.4819221496582
55.4819221496582
55.4819221496582
55.4819221496582
55.4819221496582
55.4819221496582
55.4819221496582
55.371299743652344
55.371299743652344
55.371299743652344
55.371299743652344
55.371299743652344
55.371299743652344
55.371299743652344
55.371299743652344
55.26273727416992
55.1526985168457
55.01572036743164
55.01572036743164
55.01572036743164
55.01572036743164
55.01572036743164
55.01572036743164
55.01572036743164
55.01572036743164
55.01572036743164
55.01572036743164
55.01572036743164
55.01572036743164
55.01572036743164
55.01572036743164
54.90597915649414
54.90597915649414
54.90597915649414
54.90597915649414
54.90597915649414
54.90597915649414
54.90597915649414
54.90597915649414
54.90597915649414
54.796539306640625
54.686466217041016
54.57691955566406
54.57691955566406
54.57691955566406
54.57691955566406
54.57691955566406
54.57691955566406
54.57691955566406
54.57691955566406
54.57691955566406
54.57691955566406
54.57691955566406
54.57691955566406
54.57691955566406
54.46712875366211
54.35800552368164
54.35800552368164
54.35800552368164
54.35800552368164
54.35800552368164
54.35800552368164
54.35800552368164
54.35800552368164
54.35800552368164
54.35800552368164
54.35800552368164
54.35800552368164
54.35800552368164
54.35800552368164
54.35800552368164
54.35800552368164
54.35800552368164
54.24766540527344
54.13822555541992
54.02846145629883
53.90947341918945
53.90947341918945
53.90947341918945
53.90947341918945
53.90947341918945
53.90947341918945
53.90947341918945
53.90947341918945
53.90947341918945
53.90947341918945
53.90947341918945
53.90947341918945
53.90947341918945
53.90947341918945
53.90947341918945
53.90947341918945
53.90947341918945
53.90947341918945
53.90947341918945
53.90947341918945
53.90947341918945
53.69804382324219
53.58857345581055
53.47878646850586
53.47878646850586
53.47878646850586
53.47878646850586
53.47878646850586
53.47878646850586
53.47878646850586
53.47878646850586
53.47878646850586
53.47878646850586
53.47878646850586
53.47878646850586
53.47878646850586
53.3690071105957
53.25914764404297
53.25914764404297
53.25914764404297
53.25914764404297
53.25914764404297
53.25914764404297
53.25914764404297
53.25914764404297
53.25914764404297
53.25914764404297
53.25914764404297
53.25914764404297
53.25914764404297
53.25914764404297
53.25914764404297
53.25914764404297
53.25914764404297
53.25914764404297
53.25914764404297
53.25914764404297
53.15004348754883
53.039981842041016
52.9305419921875
52.82020950317383
52.711456298828125
52.711456298828125
52.711456298828125
52.711456298828125
52.711456298828125
52.711456298828125
52.711456298828125
52.711456298828125
52.711456298828125
52.711456298828125
52.711456298828125
52.711456298828125
52.711456298828125
52.711456298828125
52.711456298828125
52.711456298828125
52.711456298828125
52.711456298828125
52.711456298828125
52.711456298828125
52.711456298828125
52.711456298828125
52.711456298828125
52.60108947753906
52.492130279541016
52.38175582885742
52.27276611328125
52.27276611328125
52.27276611328125
52.27276611328125
52.27276611328125
52.27276611328125
52.27276611328125
52.27276611328125
52.27276611328125
52.27276611328125
52.27276611328125
52.27276611328125
52.27276611328125
52.27276611328125
52.27276611328125
52.16267013549805
52.06228256225586
52.06228256225586
52.06228256225586
52.06228256225586
52.06228256225586
52.06228256225586
52.06228256225586
52.06228256225586
52.06228256225586
52.06228256225586
52.06228256225586
52.06228256225586
52.06228256225586
52.06228256225586
52.06228256225586
52.06228256225586
52.06228256225586
52.06228256225586
52.06228256225586
51.96148681640625
51.852359771728516
51.75177764892578
51.64244079589844
51.523590087890625
51.523590087890625
51.523590087890625
51.523590087890625
51.523590087890625
51.523590087890625
51.523590087890625
51.523590087890625
51.523590087890625
51.523590087890625
51.523590087890625
51.523590087890625
51.523590087890625
51.523590087890625
51.523590087890625
51.523590087890625
51.523590087890625
51.523590087890625
51.523590087890625
51.523590087890625
51.523590087890625
51.523590087890625
51.523590087890625
51.523590087890625
51.42325973510742
51.31370162963867
51.203834533691406
51.09446334838867
51.09446334838867
51.09446334838867
51.09446334838867
51.09446334838867
51.09446334838867
51.09446334838867
51.09446334838867
51.09446334838867
51.09446334838867
51.09446334838867
51.09446334838867
51.09446334838867
51.09446334838867
50.984615325927734
50.87495803833008
50.87495803833008
50.87495803833008
50.87495803833008
50.87495803833008
50.87495803833008
50.87495803833008
50.87495803833008
50.87495803833008
50.87495803833008
50.87495803833008
50.87495803833008
50.76466369628906
50.6556282043457
50.6556282043457
50.6556282043457
50.6556282043457
50.6556282043457
50.6556282043457
50.6556282043457
50.6556282043457
50.6556282043457
50.6556282043457
50.6556282043457
50.54580307006836
50.43601608276367
50.43601608276367
50.43601608276367
50.43601608276367
50.43601608276367
50.43601608276367
50.43601608276367
50.43601608276367
50.43601608276367
50.43601608276367
50.43601608276367
50.43601608276367
50.43601608276367
50.43601608276367
50.43601608276367
50.43601608276367
50.43601608276367
50.32612991333008
50.21674728393555
50.10730743408203
49.99728775024414
49.99728775024414
49.99728775024414
49.99728775024414
49.99728775024414
49.99728775024414
49.99728775024414
49.99728775024414
49.99728775024414
49.99728775024414
49.99728775024414
49.99728775024414
49.99728775024414
49.99728775024414
49.99728775024414
49.887535095214844
49.787208557128906
49.787208557128906
49.787208557128906
49.787208557128906
49.787208557128906
49.787208557128906
49.787208557128906
49.787208557128906
49.787208557128906
49.787208557128906
49.787208557128906
49.787208557128906
49.668785095214844
49.558349609375
49.558349609375
49.558349609375
49.558349609375
49.558349609375
49.558349609375
49.558349609375
49.558349609375
49.558349609375
49.558349609375
49.448787689208984
49.347747802734375
49.347747802734375
49.347747802734375
49.347747802734375
49.347747802734375
49.347747802734375
49.347747802734375
49.347747802734375
49.347747802734375
49.347747802734375
49.347747802734375
49.347747802734375
49.347747802734375
49.347747802734375
49.22941589355469
49.11896514892578
49.11896514892578
49.11896514892578
49.11896514892578
49.11896514892578
49.11896514892578
49.11896514892578
49.11896514892578
49.11896514892578
49.11896514892578
49.00947570800781
48.89083480834961
48.781349182128906
48.781349182128906
48.781349182128906
48.781349182128906
48.781349182128906
48.781349182128906
48.781349182128906
48.781349182128906
48.781349182128906
48.781349182128906
48.781349182128906
48.680763244628906
48.680763244628906
48.680763244628906
48.680763244628906
48.680763244628906
48.680763244628906
48.680763244628906
48.680763244628906
48.680763244628906
48.680763244628906
48.680763244628906
48.680763244628906
48.57120895385742
48.461524963378906
48.351924896240234
48.351924896240234
48.351924896240234
48.351924896240234
48.351924896240234
48.351924896240234
48.351924896240234
48.351924896240234
48.351924896240234
48.351924896240234
48.351924896240234
48.351924896240234
48.351924896240234
48.24180603027344
48.14109802246094
48.14109802246094
48.14109802246094
48.14109802246094
48.14109802246094
48.14109802246094
48.14109802246094
48.14109802246094
48.14109802246094
48.14109802246094
48.14109802246094
48.04061508178711
47.930809020996094
47.930809020996094
47.930809020996094
47.930809020996094
47.930809020996094
47.930809020996094
47.930809020996094
47.930809020996094
47.930809020996094
47.930809020996094
47.930809020996094
47.821044921875
47.71117401123047
47.71117401123047
47.71117401123047
47.71117401123047
47.71117401123047
47.71117401123047
47.71117401123047
47.71117401123047
47.71117401123047
47.71117401123047
47.71117401123047
47.61097717285156
47.500709533691406
47.500709533691406
47.500709533691406
47.500709533691406
47.500709533691406
47.500709533691406
47.500709533691406
47.500709533691406
47.500709533691406
47.500709533691406
47.500709533691406
47.500709533691406
47.391395568847656
47.28166580200195
47.28166580200195
47.28166580200195
47.28166580200195
47.28166580200195
47.28166580200195
47.28166580200195
47.28166580200195
47.28166580200195
47.28166580200195
47.17249298095703
47.062774658203125
47.062774658203125
47.062774658203125
47.062774658203125
47.062774658203125
47.062774658203125
47.062774658203125
47.062774658203125
47.062774658203125
47.062774658203125
47.062774658203125
47.062774658203125
47.062774658203125
47.062774658203125
46.94416809082031
46.83485794067383
46.83485794067383
46.83485794067383
46.83485794067383
46.83485794067383
46.83485794067383
46.83485794067383
46.83485794067383
46.83485794067383
46.83485794067383
46.73473358154297
46.61537551879883
46.506038665771484
46.506038665771484
46.506038665771484
46.506038665771484
46.506038665771484
46.506038665771484
46.506038665771484
46.506038665771484
46.506038665771484
46.506038665771484
46.506038665771484
46.506038665771484
46.506038665771484
46.506038665771484
46.40603256225586
46.40603256225586
46.40603256225586
46.40603256225586
46.40603256225586
46.40603256225586
46.40603256225586
46.40603256225586
46.40603256225586
46.29876708984375
46.19318389892578
46.09086227416992
46.09086227416992
46.09086227416992
46.09086227416992
46.09086227416992
46.09086227416992
46.09086227416992
46.09086227416992
46.09086227416992
46.09086227416992
46.09086227416992
46.09086227416992
46.09086227416992
45.99276351928711
45.897117614746094
45.897117614746094
45.897117614746094
45.897117614746094
45.897117614746094
45.897117614746094
45.897117614746094
45.897117614746094
45.897117614746094
45.897117614746094
45.897117614746094
45.80485534667969
45.71568298339844
45.71568298339844
45.71568298339844
45.71568298339844
45.71568298339844
45.71568298339844
45.71568298339844
45.71568298339844
45.71568298339844
45.71568298339844
45.71568298339844
45.71568298339844
45.71568298339844
45.629791259765625
45.5474739074707
45.46815490722656
45.46815490722656
45.46815490722656
45.46815490722656
45.46815490722656
45.46815490722656
45.46815490722656
45.46815490722656
45.46815490722656
45.46815490722656
45.46815490722656
45.392051696777344
45.392051696777344
45.392051696777344
45.392051696777344
45.392051696777344
45.392051696777344
45.392051696777344
45.392051696777344
45.392051696777344
45.31930923461914
45.2496337890625
45.2496337890625
45.2496337890625
45.2496337890625
45.2496337890625
45.2496337890625
45.2496337890625
45.2496337890625
45.2496337890625
45.2496337890625
45.2496337890625
45.18353271484375
45.11542892456055
45.11542892456055
45.11542892456055
45.11542892456055
45.11542892456055
45.11542892456055
45.11542892456055
45.11542892456055
45.11542892456055
45.11542892456055
45.11542892456055
45.11542892456055
45.11542892456055
45.11542892456055
45.06105041503906
45.004669189453125
45.004669189453125
45.004669189453125
45.004669189453125
45.004669189453125
45.004669189453125
45.004669189453125
45.004669189453125
45.004669189453125
45.004669189453125
44.95132064819336
44.90122985839844
44.85458755493164
44.85458755493164
44.85458755493164
44.85458755493164
44.85458755493164
44.85458755493164
44.85458755493164
44.85458755493164
44.85458755493164
44.85458755493164
44.85458755493164
44.85458755493164
44.85458755493164
44.85458755493164
44.81081771850586
44.81081771850586
44.81081771850586
44.81081771850586
44.81081771850586
44.81081771850586
44.81081771850586
44.81081771850586
44.77056121826172
44.73418045043945
44.70032501220703
44.70032501220703
44.70032501220703
44.70032501220703
44.70032501220703
44.70032501220703
44.70032501220703
44.70032501220703
44.70032501220703
44.70032501220703
44.70032501220703
44.70032501220703
44.70032501220703
44.6705436706543
44.6705436706543
44.6705436706543
44.6705436706543
44.6705436706543
44.6705436706543
44.6705436706543
44.6705436706543
44.6705436706543
44.6705436706543
44.643211364746094
44.619300842285156
44.59911346435547
44.59911346435547
44.59911346435547
44.59911346435547
44.59911346435547
44.59911346435547
44.59911346435547
44.59911346435547
44.59911346435547
44.59911346435547
44.59911346435547
44.59911346435547
44.581520080566406
44.56744384765625
44.56744384765625
44.56744384765625
44.56744384765625
44.56744384765625
44.56744384765625
44.56744384765625
44.56744384765625
44.56744384765625
44.56744384765625
44.56744384765625
44.5565299987793
44.548973083496094
44.548973083496094
44.548973083496094
44.548973083496094
44.548973083496094
44.548973083496094
44.548973083496094
44.548973083496094
44.548973083496094
44.548973083496094
44.548973083496094
44.548973083496094
44.548973083496094
44.54494094848633
44.543067932128906
44.54240036010742
44.54240036010742
44.54240036010742
44.54240036010742
44.54240036010742
44.54240036010742
44.54240036010742
44.54240036010742
44.54240036010742
44.54240036010742
44.54240036010742
44.542198181152344
44.542198181152344
44.542198181152344
44.542198181152344
44.542198181152344
44.542198181152344
44.542198181152344
44.542198181152344
44.542198181152344
44.542198181152344
44.542198181152344
44.54209518432617
44.5420036315918
44.54195022583008
44.54195022583008
44.54195022583008
44.54195022583008
44.54195022583008
44.54195022583008
44.54195022583008
44.54195022583008
44.54195022583008
44.54185485839844
44.54185485839844
44.54185485839844
44.54185485839844
44.54185485839844
44.54185485839844
44.54185485839844
44.54185485839844
44.54185485839844
44.54185485839844
44.54185485839844
44.54185485839844
44.54185485839844
44.54185485839844
44.541748046875
44.54170227050781
44.54167175292969
44.5416259765625
44.5416259765625
44.5416259765625
44.5416259765625
44.5416259765625
44.5416259765625
44.5416259765625
44.5416259765625
44.5416259765625
44.5416259765625
44.5416259765625
44.5416259765625
44.5416259765625
44.54159927368164
44.54159927368164
44.54159927368164
44.54159927368164
44.54159927368164
44.54159927368164
44.54159927368164
44.54159927368164
44.54159927368164
44.54159927368164
44.54156494140625
44.541534423828125
44.54151916503906
44.54151916503906
44.54151916503906
44.54151916503906
44.54151916503906
44.54151916503906
44.54151916503906
44.54151916503906
44.54151916503906
44.54151916503906
44.54151916503906
44.54151916503906
44.541481018066406
44.54146194458008
44.54146194458008
44.54146194458008
44.54146194458008
44.54146194458008
44.54146194458008
44.54146194458008
44.54146194458008
44.54146194458008
44.54146194458008
44.54146194458008
44.54146194458008
44.54146194458008
44.54146194458008
44.54146194458008
44.54146194458008
44.54146194458008
44.54146194458008
44.54146194458008
44.54144287109375
44.541419982910156
44.54140090942383
44.54138946533203
44.5413703918457
44.5413703918457
44.5413703918457
44.5413703918457
44.5413703918457
44.5413703918457
44.5413703918457
44.5413703918457
44.5413703918457
44.5413703918457
44.5413703918457
44.5413703918457
44.5413703918457
44.5413703918457
44.5413703918457
44.5413703918457
44.5413703918457
44.5413703918457
44.5413703918457
44.5413703918457
44.5413703918457
44.5413703918457
44.541351318359375
44.541343688964844
44.541324615478516
44.541297912597656
44.541297912597656
44.541297912597656
44.541297912597656
44.541297912597656
44.541297912597656
44.541297912597656
44.541297912597656
44.541297912597656
44.541297912597656
44.541297912597656
44.541290283203125
44.541290283203125
44.541290283203125
44.541290283203125
44.541290283203125
44.541290283203125
44.541290283203125
44.541290283203125
44.541290283203125
44.541290283203125
44.541290283203125
44.541290283203125
44.541290283203125
44.541290283203125
44.541290283203125
44.541282653808594
44.541263580322266
44.54125213623047
44.54124450683594
44.54124450683594
44.54124450683594
44.54124450683594
44.54124450683594
44.54124450683594
44.54124450683594
44.54124450683594
44.54124450683594
44.54124450683594
44.54124450683594
44.54124450683594
44.54124450683594
44.54124450683594
44.54124450683594
44.54124450683594
44.54124450683594
44.54124450683594
44.541236877441406
44.54123306274414
44.54121780395508
44.54121017456055
44.54121017456055
44.54121017456055
44.54121017456055
44.54121017456055
44.54121017456055
44.54121017456055
44.54121017456055
44.54121017456055
44.54120635986328
44.54120635986328
44.54120635986328
44.54120635986328
44.54120635986328
44.54120635986328
44.54120635986328
44.54120635986328
44.54120635986328
44.54120635986328
44.54120635986328
44.54119873046875
44.54118728637695
44.54118728637695
44.54118728637695
44.54118728637695
44.54118728637695
44.54118728637695
44.54118728637695
44.54118728637695
44.54118728637695
44.54119110107422
44.54118728637695
44.54118728637695
44.54118728637695
44.54118728637695
44.54118728637695
44.54118728637695
44.54118728637695
44.54118728637695
44.54118728637695
44.54118728637695
44.54118728637695
44.54118728637695
44.54118728637695
44.54118728637695
44.54118728637695
44.54118728637695
44.54123306274414
44.54123306274414
44.54123306274414
44.54123306274414
44.54123306274414
44.541236877441406
44.541236877441406
44.541236877441406
44.541236877441406
44.541236877441406
44.541236877441406
44.541236877441406
44.541236877441406
44.541236877441406
44.541236877441406
44.541236877441406
44.541236877441406
44.54124450683594
44.54124450683594
44.54124450683594
44.54124450683594
44.54124450683594
44.54124450683594
44.54124450683594
44.54124450683594
44.54124450683594
44.541236877441406
44.541236877441406
44.54123306274414
44.54123306274414
44.54123306274414
44.54123306274414
44.54123306274414
44.54123306274414
44.54123306274414
44.54123306274414
44.541236877441406
44.54124450683594
44.54124450683594
44.541236877441406
44.541236877441406
44.541236877441406
44.541236877441406
44.541236877441406
44.541236877441406
44.541236877441406
44.541236877441406
44.541236877441406
44.541236877441406
44.541236877441406
44.541236877441406
44.541236877441406
44.541236877441406
44.541236877441406
44.541236877441406
44.541236877441406
44.541236877441406
44.541236877441406
44.541236877441406
44.541236877441406
44.541236877441406
44.541236877441406
44.541236877441406
44.541236877441406
44.541236877441406
44.54123306274414
44.541236877441406
44.541236877441406
44.541236877441406
44.541236877441406
44.541236877441406
44.541236877441406
44.541236877441406
44.541236877441406
44.541236877441406
44.541236877441406
44.541236877441406
44.541236877441406
44.541236877441406
44.541236877441406
44.541236877441406
44.541236877441406
44.541236877441406
44.541236877441406
44.541236877441406
44.541236877441406
44.541236877441406
44.541236877441406
44.541236877441406
44.541236877441406
44.541236877441406
44.541236877441406
44.541236877441406
44.541236877441406
44.541236877441406
44.541236877441406
44.541236877441406
44.541236877441406
44.541236877441406
44.541236877441406
44.541236877441406
44.541236877441406
44.541236877441406
44.541236877441406
44.541236877441406
44.541236877441406
44.541236877441406
44.541236877441406
44.541236877441406
44.541236877441406
44.541236877441406
44.541236877441406
44.541236877441406
44.54123306274414
44.541236877441406
44.541236877441406
44.541236877441406
44.541236877441406
44.541236877441406
44.541236877441406
44.541236877441406
44.541236877441406
44.54123306274414
44.541236877441406
44.541236877441406
44.541236877441406
44.541236877441406
44.541236877441406
44.541236877441406
44.541236877441406
44.541236877441406
44.541236877441406
44.541236877441406
44.541236877441406
44.541236877441406
44.54124450683594
44.541236877441406
44.541236877441406
44.541236877441406
44.541236877441406
44.541236877441406
44.541236877441406
44.54123306274414
44.541236877441406
44.541236877441406
44.541236877441406
44.541236877441406
44.541236877441406
44.541236877441406
44.541236877441406
44.541236877441406
44.541236877441406
44.541236877441406
44.541236877441406
44.54123306274414
44.54123306274414
44.54123306274414
44.54123306274414
44.54123306274414
44.54123306274414
44.54123306274414
44.54123306274414
44.54123306274414
44.54123306274414
44.541236877441406
44.541236877441406
44.541236877441406
44.541236877441406
44.541236877441406
44.541236877441406
44.541236877441406
44.541236877441406
44.541236877441406
44.541236877441406
44.54124450683594
44.541236877441406
44.541236877441406
44.541236877441406
44.541236877441406
44.541236877441406
44.541236877441406
44.541236877441406
44.541236877441406
44.541236877441406
44.541236877441406
44.541236877441406
44.541236877441406
44.541236877441406
44.541236877441406
44.541236877441406
44.541236877441406
44.541236877441406
44.541236877441406
44.541236877441406
44.541236877441406
44.541236877441406
44.541236877441406
44.54123306274414
44.541236877441406
44.54123306274414
44.54123306274414
44.54123306274414
44.54123306274414
44.54123306274414
44.54123306274414
44.54123306274414
44.54123306274414
44.54123306274414
44.541236877441406
44.541236877441406
44.541236877441406
44.541236877441406
44.541236877441406
44.541236877441406
44.541236877441406
44.54123306274414
44.54123306274414
44.54123306274414
44.54123306274414
44.54123306274414
44.54123306274414
44.54123306274414
44.54123306274414
44.54123306274414
44.54123306274414
44.54123306274414
44.541236877441406
44.541236877441406
44.541236877441406
44.541236877441406
44.541236877441406
44.541236877441406
44.541236877441406
44.541236877441406
44.541236877441406
44.541236877441406
44.54123306274414
44.54123306274414
44.54123306274414
44.54123306274414
44.54123306274414
44.54123306274414
44.54123306274414
44.54123306274414
44.54123306274414
44.54123306274414
44.54123306274414
44.541236877441406
44.541236877441406
44.541236877441406
44.541236877441406
44.541236877441406
44.541236877441406
44.541236877441406
44.541236877441406
44.541236877441406
44.541236877441406
44.541236877441406
44.54123306274414
44.541236877441406
44.541236877441406
44.541236877441406
44.541236877441406
44.541236877441406
44.541236877441406
44.54124450683594
44.54124450683594
44.54124450683594
44.541236877441406
44.54125213623047
44.541236877441406
44.541236877441406
44.541236877441406
44.541236877441406
44.541236877441406
44.541236877441406
44.541236877441406
44.541236877441406
44.541236877441406
44.541236877441406
44.541236877441406
44.541236877441406
44.541236877441406
44.541236877441406
44.541236877441406
44.541236877441406
44.541236877441406
44.541236877441406
44.541236877441406
44.541236877441406
44.541236877441406
44.54123306274414
44.54123306274414
44.54123306274414
44.54123306274414
44.541236877441406
44.541236877441406
44.541236877441406
44.541236877441406
44.541236877441406
44.541236877441406
44.541236877441406
44.541236877441406
44.541236877441406
44.541236877441406
44.54123306274414
44.541236877441406
44.541236877441406
44.541236877441406
44.541236877441406
44.541236877441406
44.541236877441406
44.541236877441406
44.541236877441406
44.541236877441406
44.541236877441406
44.541236877441406
44.541236877441406
44.54123306274414
44.54123306274414
44.54123306274414
44.541236877441406
44.54124450683594
44.54124450683594
44.54124450683594
44.54124450683594
44.54124450683594
44.541236877441406
44.54123306274414
44.54123306274414
44.54123306274414
44.54123306274414
44.54123306274414
44.541236877441406
44.54123306274414
44.54123306274414
44.54123306274414
44.54124450683594
44.541236877441406
44.541236877441406
44.541236877441406
44.541236877441406
44.541236877441406
44.541236877441406
44.541236877441406
44.54123306274414
44.54124450683594
44.54124450683594
44.54124450683594
44.54124450683594
44.54124450683594
44.54124450683594
44.54123306274414
44.541236877441406
44.54123306274414
44.54123306274414
44.54123306274414
44.54123306274414
44.54123306274414
44.54123306274414
44.54123306274414
44.541236877441406
44.541236877441406
44.541236877441406
44.541236877441406
44.541236877441406
44.541236877441406
44.541236877441406
44.54123306274414
44.54123306274414
44.54123306274414
44.54123306274414
44.541236877441406
44.541236877441406
44.541236877441406
44.541236877441406
44.541236877441406
44.54123306274414
44.541236877441406
44.541236877441406
44.541236877441406
44.541236877441406
44.541236877441406
44.541236877441406
44.541236877441406
44.541236877441406
44.54123306274414
44.541236877441406
44.541236877441406
44.541236877441406
44.541236877441406
44.541236877441406
44.541236877441406
44.541236877441406
44.541236877441406
44.541236877441406
44.54123306274414
44.54124450683594
44.54124450683594
44.54124450683594
44.54124450683594
44.54124450683594
44.54124450683594
44.54124450683594
44.541236877441406
44.541236877441406
44.541236877441406
44.541236877441406
44.541236877441406
44.541236877441406
44.541236877441406
44.541236877441406
44.541236877441406
44.541236877441406
44.541236877441406
44.541236877441406
44.541236877441406
44.541236877441406
44.541236877441406
44.54123306274414
44.54123306274414
44.54123306274414
44.541236877441406
44.54123306274414
44.54123306274414
44.54123306274414
44.54123306274414
44.54123306274414
44.54123306274414
44.54123306274414
44.54123306274414
44.541236877441406
44.54123306274414
44.54123306274414
44.54123306274414
44.54123306274414
44.54123306274414
44.54123306274414
44.54123306274414
44.54123306274414
44.54123306274414
44.541236877441406
44.541236877441406
44.541236877441406
44.54123306274414
44.541236877441406
44.541236877441406
44.541236877441406
44.541236877441406
44.541236877441406
44.54123306274414
44.54123306274414
44.54123306274414
44.54123306274414
44.54123306274414
44.54123306274414
44.54123306274414
44.54123306274414
44.54123306274414
44.54123306274414
44.541236877441406
44.541236877441406
44.541236877441406
44.541236877441406
44.541236877441406
44.54123306274414
44.54123306274414
44.54123306274414
44.54123306274414
44.54123306274414
44.54123306274414
44.54123306274414
44.541236877441406
44.541236877441406
44.541236877441406
44.541236877441406
44.541236877441406
44.54123306274414
44.541236877441406
44.541236877441406
44.541236877441406
44.541236877441406
44.541236877441406
44.54123306274414
44.541236877441406
44.541236877441406
44.541236877441406
44.541236877441406
44.541236877441406
44.541236877441406
44.541236877441406
44.54123306274414
44.54123306274414
44.54123306274414
44.54123306274414
44.54123306274414
