30.882497787475586
30.882497787475586
30.882497787475586
30.882497787475586
30.882497787475586
30.882526397705078
30.882526397705078
30.882526397705078
30.882526397705078
30.882497787475586
30.882497787475586
30.882497787475586
30.882497787475586
30.882497787475586
30.882497787475586
30.882497787475586
30.882497787475586
30.882497787475586
30.882526397705078
30.882526397705078
30.882526397705078
30.88256072998047
30.882497787475586
30.882497787475586
30.882497787475586
30.882497787475586
30.882497787475586
30.882497787475586
30.882497787475586
30.882497787475586
30.882497787475586
30.882497787475586
30.882497787475586
30.882497787475586
30.882497787475586
30.882497787475586
30.882497787475586
30.882497787475586
30.882497787475586
30.88256072998047
30.882497787475586
30.882463455200195
30.882463455200195
30.882463455200195
30.882463455200195
30.882463455200195
30.882463455200195
30.882463455200195
30.88256072998047
30.882463455200195
30.882497787475586
30.882497787475586
30.882497787475586
30.882497787475586
30.882497787475586
30.882497787475586
30.882497787475586
30.882497787475586
30.882497787475586
30.882497787475586
30.882497787475586
30.882463455200195
30.882497787475586
30.882497787475586
30.882497787475586
30.882497787475586
30.882497787475586
30.882497787475586
30.882497787475586
30.882497787475586
30.882497787475586
30.882497787475586
30.882497787475586
30.882497787475586
30.882497787475586
30.882497787475586
30.882497787475586
30.882497787475586
30.882463455200195
30.882463455200195
30.882463455200195
30.882463455200195
30.882463455200195
30.882463455200195
30.882463455200195
30.882497787475586
30.882497787475586
30.882497787475586
30.882497787475586
30.882526397705078
30.882463455200195
30.882463455200195
30.882463455200195
30.882463455200195
30.882463455200195
30.882463455200195
30.882497787475586
30.882526397705078
30.882526397705078
30.882526397705078
30.882526397705078
30.882526397705078
30.882526397705078
30.882526397705078
30.882526397705078
30.882526397705078
30.882526397705078
30.882526397705078
30.882526397705078
30.882497787475586
30.882497787475586
30.882497787475586
30.882497787475586
30.882497787475586
30.882497787475586
30.882497787475586
30.882497787475586
30.882497787475586
30.883853912353516
30.8857421875
30.88665771484375
30.88665771484375
30.88665771484375
30.88665771484375
30.88665771484375
30.88665771484375
30.88665771484375
30.88665771484375
30.88665771484375
30.887035369873047
30.887035369873047
30.887035369873047
30.887035369873047
30.887035369873047
30.887035369873047
30.887035369873047
30.887035369873047
30.887035369873047
30.887035369873047
30.887418746948242
30.888328552246094
30.888328552246094
30.888328552246094
30.888328552246094
30.888328552246094
30.888328552246094
30.888328552246094
30.889650344848633
30.890405654907227
30.890405654907227
30.890405654907227
30.890405654907227
30.890405654907227
30.890405654907227
30.890405654907227
30.890405654907227
30.890405654907227
30.89094352722168
30.891733169555664
30.891733169555664
30.891733169555664
30.891733169555664
30.891733169555664
30.891733169555664
30.891733169555664
30.891733169555664
30.891733169555664
30.891733169555664
30.891733169555664
30.89252281188965
30.89511489868164
30.89511489868164
30.89511489868164
30.89511489868164
30.89511489868164
30.89511489868164
30.89511489868164
30.89511489868164
30.89511489868164
30.89511489868164
30.89511489868164
30.899761199951172
30.90420150756836
30.90420150756836
30.90420150756836
30.90420150756836
30.90420150756836
30.90420150756836
30.90420150756836
30.90420150756836
30.90420150756836
30.90420150756836
30.90420150756836
30.91229820251465
30.93360137939453
30.93360137939453
30.93360137939453
30.93360137939453
30.93360137939453
30.93360137939453
30.93360137939453
30.93360137939453
30.93360137939453
30.93360137939453
31.03200340270996
31.03200340270996
31.03200340270996
31.03200340270996
31.03200340270996
31.03200340270996
31.03200340270996
31.03200340270996
31.03200340270996
31.03200340270996
31.03200340270996
31.03200340270996
31.092411041259766
31.159828186035156
31.239192962646484
31.239192962646484
31.239192962646484
31.239192962646484
31.239192962646484
31.239192962646484
31.239192962646484
31.239192962646484
31.239192962646484
31.239192962646484
31.239192962646484
31.239192962646484
31.328725814819336
31.328725814819336
31.328725814819336
31.328725814819336
31.328725814819336
31.328725814819336
31.328725814819336
31.328725814819336
31.328725814819336
31.328725814819336
31.328725814819336
31.328725814819336
31.397642135620117
31.471107482910156
31.471107482910156
31.471107482910156
31.471107482910156
31.471107482910156
31.471107482910156
31.471107482910156
31.471107482910156
31.471107482910156
31.471107482910156
31.471107482910156
31.57499122619629
31.697511672973633
31.795278549194336
31.795278549194336
31.795278549194336
31.795278549194336
31.795278549194336
31.795278549194336
31.795278549194336
31.795278549194336
31.795278549194336
31.795278549194336
31.795278549194336
31.795278549194336
31.795278549194336
31.903533935546875
32.04204750061035
32.04204750061035
32.04204750061035
32.04204750061035
32.04204750061035
32.04204750061035
32.04204750061035
32.04204750061035
32.04204750061035
32.04204750061035
32.04204750061035
32.16030502319336
32.31203079223633
32.31203079223633
32.31203079223633
32.31203079223633
32.31203079223633
32.31203079223633
32.31203079223633
32.31203079223633
32.31203079223633
32.31203079223633
32.31203079223633
32.46575355529785
32.609188079833984
32.609188079833984
32.609188079833984
32.609188079833984
32.609188079833984
32.609188079833984
32.609188079833984
32.609188079833984
32.609188079833984
32.609188079833984
32.609188079833984
32.778926849365234
32.936105728149414
32.936105728149414
32.936105728149414
32.936105728149414
32.936105728149414
32.936105728149414
32.936105728149414
32.936105728149414
32.936105728149414
32.936105728149414
32.936105728149414
33.12632369995117
33.29753303527832
33.29753303527832
33.29753303527832
33.29753303527832
33.29753303527832
33.29753303527832
33.29753303527832
33.29753303527832
33.29753303527832
33.29753303527832
33.29753303527832
33.29753303527832
33.29753303527832
33.29753303527832
33.49782752990723
33.69559288024902
33.69559288024902
33.69559288024902
33.69559288024902
33.69559288024902
33.69559288024902
33.69559288024902
33.69559288024902
33.69559288024902
33.90027046203613
34.11361122131348
34.332942962646484
34.332942962646484
34.332942962646484
34.332942962646484
34.332942962646484
34.332942962646484
34.332942962646484
34.332942962646484
34.332942962646484
34.332942962646484
34.332942962646484
34.332942962646484
34.56667709350586
34.56667709350586
34.56667709350586
34.56667709350586
34.56667709350586
34.56667709350586
34.56667709350586
34.56667709350586
34.56667709350586
34.56667709350586
34.56667709350586
34.56667709350586
34.56667709350586
34.81976318359375
35.03612518310547
35.283363342285156
35.283363342285156
35.283363342285156
35.283363342285156
35.283363342285156
35.283363342285156
35.283363342285156
35.283363342285156
35.283363342285156
35.53121376037598
35.53121376037598
35.53121376037598
35.53121376037598
35.53121376037598
35.53121376037598
35.53121376037598
35.53121376037598
35.53121376037598
35.53121376037598
35.53121376037598
35.53121376037598
35.77662658691406
36.01716995239258
36.26771545410156
36.26771545410156
36.26771545410156
36.26771545410156
36.26771545410156
36.26771545410156
36.26771545410156
36.26771545410156
36.26771545410156
36.26771545410156
36.51704788208008
36.51704788208008
36.51704788208008
36.51704788208008
36.51704788208008
36.51704788208008
36.51704788208008
36.51704788208008
36.51704788208008
36.51704788208008
36.51704788208008
36.51704788208008
36.51704788208008
36.75842094421387
37.00783920288086
37.26194953918457
37.26194953918457
37.26194953918457
37.26194953918457
37.26194953918457
37.26194953918457
37.26194953918457
37.26194953918457
37.26194953918457
37.26194953918457
37.26194953918457
37.26194953918457
37.26194953918457
37.26194953918457
37.26194953918457
37.26194953918457
37.26194953918457
37.26194953918457
37.26194953918457
37.26194953918457
37.26194953918457
37.50497627258301
37.749284744262695
38.005157470703125
38.250661849975586
38.250661849975586
38.250661849975586
38.250661849975586
38.250661849975586
38.250661849975586
38.250661849975586
38.250661849975586
38.250661849975586
38.250661849975586
38.250661849975586
38.250661849975586
38.250661849975586
38.250661849975586
38.250661849975586
38.250661849975586
38.250661849975586
38.250661849975586
38.250661849975586
38.250661849975586
38.250661849975586
38.49127388000488
38.72279357910156
38.99002456665039
39.235185623168945
39.235185623168945
39.235185623168945
39.235185623168945
39.235185623168945
39.235185623168945
39.235185623168945
39.235185623168945
39.235185623168945
39.235185623168945
39.235185623168945
39.235185623168945
39.235185623168945
39.235185623168945
39.235185623168945
39.477548599243164
39.72527885437012
39.97895431518555
39.97895431518555
39.97895431518555
39.97895431518555
39.97895431518555
39.97895431518555
39.97895431518555
39.97895431518555
39.97895431518555
39.97895431518555
39.97895431518555
39.97895431518555
39.97895431518555
39.97895431518555
39.97895431518555
39.97895431518555
39.97895431518555
39.97895431518555
39.97895431518555
39.97895431518555
39.97895431518555
40.215789794921875
40.45934867858887
40.73982620239258
40.9818000793457
40.9818000793457
40.9818000793457
40.9818000793457
40.9818000793457
40.9818000793457
40.9818000793457
40.9818000793457
40.9818000793457
40.9818000793457
40.9818000793457
40.9818000793457
40.9818000793457
40.9818000793457
40.9818000793457
40.9818000793457
40.9818000793457
40.9818000793457
40.9818000793457
40.9818000793457
40.9818000793457
41.20084571838379
41.45377731323242
41.702171325683594
41.94684028625488
41.94684028625488
41.94684028625488
41.94684028625488
41.94684028625488
41.94684028625488
41.94684028625488
41.94684028625488
41.94684028625488
41.94684028625488
41.94684028625488
41.94684028625488
41.94684028625488
42.17169380187988
42.43947410583496
42.43947410583496
42.43947410583496
42.43947410583496
42.43947410583496
42.43947410583496
42.43947410583496
42.43947410583496
42.43947410583496
42.43947410583496
42.43947410583496
42.69169044494629
42.933698654174805
42.933698654174805
42.933698654174805
42.933698654174805
42.933698654174805
42.933698654174805
42.933698654174805
42.933698654174805
42.933698654174805
42.933698654174805
42.933698654174805
43.17634201049805
43.51096153259277
43.51096153259277
43.51096153259277
43.51096153259277
43.51096153259277
43.51096153259277
43.51096153259277
43.51096153259277
43.51096153259277
43.51096153259277
43.51096153259277
43.73611831665039
43.975975036621094
43.975975036621094
43.975975036621094
43.975975036621094
43.975975036621094
43.975975036621094
43.975975036621094
43.975975036621094
43.975975036621094
43.975975036621094
43.975975036621094
44.22640037536621
44.474273681640625
44.474273681640625
44.474273681640625
44.474273681640625
44.474273681640625
44.474273681640625
44.474273681640625
44.474273681640625
44.474273681640625
44.474273681640625
44.474273681640625
44.717952728271484
44.96537971496582
44.96537971496582
44.96537971496582
44.96537971496582
44.96537971496582
44.96537971496582
44.96537971496582
44.96537971496582
44.96537971496582
44.96537971496582
44.96537971496582
44.96537971496582
45.21407699584961
45.4657096862793
45.4657096862793
45.4657096862793
45.4657096862793
45.4657096862793
45.4657096862793
45.4657096862793
45.4657096862793
45.4657096862793
45.4657096862793
45.4657096862793
45.4657096862793
45.4657096862793
45.7048282623291
45.95124816894531
46.207326889038086
46.207326889038086
46.207326889038086
46.207326889038086
46.207326889038086
46.207326889038086
46.207326889038086
46.207326889038086
46.207326889038086
46.207326889038086
46.207326889038086
46.207326889038086
46.44439125061035
46.44439125061035
46.44439125061035
46.44439125061035
46.44439125061035
46.44439125061035
46.44439125061035
46.44439125061035
46.44439125061035
46.44439125061035
46.68890571594238
46.92427635192871
47.193206787109375
47.193206787109375
47.193206787109375
47.193206787109375
47.193206787109375
47.193206787109375
47.193206787109375
47.193206787109375
47.193206787109375
47.193206787109375
47.193206787109375
47.193206787109375
47.432823181152344
47.432823181152344
47.432823181152344
47.432823181152344
47.432823181152344
47.432823181152344
47.432823181152344
47.432823181152344
47.432823181152344
47.432823181152344
47.432823181152344
47.67925453186035
47.93442916870117
48.177724838256836
48.177724838256836
48.177724838256836
48.177724838256836
48.177724838256836
48.177724838256836
48.177724838256836
48.177724838256836
48.177724838256836
48.177724838256836
48.177724838256836
48.177724838256836
48.41860580444336
48.66693115234375
48.66693115234375
48.66693115234375
48.66693115234375
48.66693115234375
48.66693115234375
48.66693115234375
48.66693115234375
48.66693115234375
48.66693115234375
48.66693115234375
48.92203712463379
49.144493103027344
49.144493103027344
49.144493103027344
49.144493103027344
49.144493103027344
49.144493103027344
49.144493103027344
49.144493103027344
49.144493103027344
49.144493103027344
49.144493103027344
49.40495491027832
49.660329818725586
49.660329818725586
49.660329818725586
49.660329818725586
49.660329818725586
49.660329818725586
49.660329818725586
49.660329818725586
49.660329818725586
49.660329818725586
49.660329818725586
49.9096622467041
50.16897392272949
50.16897392272949
50.16897392272949
50.16897392272949
50.16897392272949
50.16897392272949
50.16897392272949
50.16897392272949
50.16897392272949
50.16897392272949
50.16897392272949
50.39865684509277
50.64849281311035
50.64849281311035
50.64849281311035
50.64849281311035
50.64849281311035
50.64849281311035
50.64849281311035
50.64849281311035
50.64849281311035
50.64849281311035
50.64849281311035
50.89443778991699
51.14338684082031
51.14338684082031
51.14338684082031
51.14338684082031
51.14338684082031
51.14338684082031
51.14338684082031
51.14338684082031
51.14338684082031
51.14338684082031
51.14338684082031
51.14338684082031
51.14338684082031
51.14338684082031
51.39327430725098
51.64130783081055
51.64130783081055
51.64130783081055
51.64130783081055
51.64130783081055
51.64130783081055
51.64130783081055
51.64130783081055
51.64130783081055
51.64130783081055
51.64130783081055
51.88529586791992
52.13539218902588
52.386953353881836
52.386953353881836
52.386953353881836
52.386953353881836
52.386953353881836
52.386953353881836
52.386953353881836
52.386953353881836
52.386953353881836
52.386953353881836
52.386953353881836
52.386953353881836
52.62646675109863
52.62646675109863
52.62646675109863
52.62646675109863
52.62646675109863
52.62646675109863
52.62646675109863
52.62646675109863
52.62646675109863
52.62646675109863
52.62646675109863
52.86630630493164
53.12247371673584
53.347487449645996
53.347487449645996
53.347487449645996
53.347487449645996
53.347487449645996
53.347487449645996
53.347487449645996
53.347487449645996
53.347487449645996
53.347487449645996
53.347487449645996
53.347487449645996
53.56008434295654
53.81703281402588
53.81703281402588
53.81703281402588
53.81703281402588
53.81703281402588
53.81703281402588
53.81703281402588
53.81703281402588
53.81703281402588
53.81703281402588
53.81703281402588
54.065884590148926
54.28248405456543
54.28248405456543
54.28248405456543
54.28248405456543
54.28248405456543
54.28248405456543
54.28248405456543
54.28248405456543
54.28248405456543
54.28248405456543
54.28248405456543
54.28248405456543
54.28248405456543
54.28248405456543
54.53469467163086
54.78367805480957
55.029497146606445
55.029497146606445
55.029497146606445
55.029497146606445
55.029497146606445
55.029497146606445
55.029497146606445
55.029497146606445
55.029497146606445
55.25711154937744
55.25711154937744
55.25711154937744
55.25711154937744
55.25711154937744
55.25711154937744
55.25711154937744
55.25711154937744
55.25711154937744
55.25711154937744
55.25711154937744
55.52412223815918
55.775800704956055
55.775800704956055
55.775800704956055
55.775800704956055
55.775800704956055
55.775800704956055
55.775800704956055
55.775800704956055
55.775800704956055
55.775800704956055
56.0147762298584
56.25856685638428
56.25856685638428
56.25856685638428
56.25856685638428
56.25856685638428
56.25856685638428
56.25856685638428
56.25856685638428
56.25856685638428
56.25856685638428
56.25856685638428
56.25856685638428
56.25856685638428
56.25856685638428
56.51474571228027
56.755558013916016
56.755558013916016
56.755558013916016
56.755558013916016
56.755558013916016
56.755558013916016
56.755558013916016
56.755558013916016
56.755558013916016
56.755558013916016
56.755558013916016
56.99486827850342
57.252614974975586
57.50090026855469
57.50090026855469
57.50090026855469
57.50090026855469
57.50090026855469
57.50090026855469
57.50090026855469
57.50090026855469
57.50090026855469
57.50090026855469
57.50090026855469
57.50090026855469
57.714701652526855
57.714701652526855
57.714701652526855
57.714701652526855
57.714701652526855
57.714701652526855
57.714701652526855
57.714701652526855
57.714701652526855
57.714701652526855
57.714701652526855
57.714701652526855
57.94844150543213
58.201576232910156
58.42026424407959
58.42026424407959
58.42026424407959
58.42026424407959
58.42026424407959
58.42026424407959
58.42026424407959
58.42026424407959
58.42026424407959
58.42026424407959
58.42026424407959
58.66790008544922
58.938987731933594
58.938987731933594
58.938987731933594
58.938987731933594
58.938987731933594
58.938987731933594
58.938987731933594
58.938987731933594
58.938987731933594
58.938987731933594
58.938987731933594
59.16246223449707
59.40944004058838
59.40944004058838
59.40944004058838
59.40944004058838
59.40944004058838
59.40944004058838
59.40944004058838
59.40944004058838
59.40944004058838
59.40944004058838
59.40944004058838
59.40944004058838
59.40944004058838
59.40944004058838
59.65614891052246
59.90268898010254
60.147071838378906
60.147071838378906
60.147071838378906
60.147071838378906
60.147071838378906
60.147071838378906
60.147071838378906
60.147071838378906
60.147071838378906
60.41072368621826
60.41072368621826
60.41072368621826
60.41072368621826
60.41072368621826
60.41072368621826
60.41072368621826
60.41072368621826
60.41072368621826
60.41072368621826
60.41072368621826
60.41072368621826
60.41072368621826
60.41072368621826
60.64431190490723
60.88639163970947
61.12730693817139
61.12730693817139
61.12730693817139
61.12730693817139
61.12730693817139
61.12730693817139
61.12730693817139
61.12730693817139
61.12730693817139
61.12730693817139
61.12730693817139
61.38396644592285
61.63514423370361
61.63514423370361
61.63514423370361
61.63514423370361
61.63514423370361
61.63514423370361
61.63514423370361
61.63514423370361
61.63514423370361
61.63514423370361
61.63514423370361
61.63514423370361
61.87103271484375
62.120370864868164
62.120370864868164
62.120370864868164
62.120370864868164
62.120370864868164
62.120370864868164
62.120370864868164
62.120370864868164
62.120370864868164
62.120370864868164
62.37522792816162
62.61879253387451
62.61879253387451
62.61879253387451
62.61879253387451
62.61879253387451
62.61879253387451
62.61879253387451
62.61879253387451
62.61879253387451
62.61879253387451
62.61879253387451
62.85914134979248
63.22844219207764
63.22844219207764
63.22844219207764
63.22844219207764
63.22844219207764
63.22844219207764
63.22844219207764
63.22844219207764
63.846025466918945
63.846025466918945
63.846025466918945
63.846025466918945
63.846025466918945
63.846025466918945
64.30178356170654
64.30178356170654
64.30178356170654
64.30178356170654
64.30178356170654
64.30178356170654
64.30178356170654
64.30178356170654
64.90079879760742
65.15005683898926
65.15005683898926
65.15005683898926
65.15005683898926
65.15005683898926
65.15005683898926
65.15005683898926
65.15005683898926
65.15005683898926
65.15005683898926
65.40493679046631
65.40493679046631
65.40493679046631
65.40493679046631
65.40493679046631
65.40493679046631
65.40493679046631
65.40493679046631
65.40493679046631
65.40493679046631
65.40493679046631
65.40493679046631
65.64658451080322
65.89265823364258
65.89265823364258
65.89265823364258
65.89265823364258
65.89265823364258
65.89265823364258
65.89265823364258
65.89265823364258
65.89265823364258
65.89265823364258
66.14349555969238
66.38792133331299
66.38792133331299
66.38792133331299
66.38792133331299
66.38792133331299
66.38792133331299
66.38792133331299
66.38792133331299
66.38792133331299
66.38792133331299
66.38792133331299
66.38792133331299
66.63100242614746
66.87919044494629
67.12793636322021
67.12793636322021
67.12793636322021
67.12793636322021
67.12793636322021
67.12793636322021
67.12793636322021
67.12793636322021
67.12793636322021
67.12793636322021
67.36946678161621
67.36946678161621
67.36946678161621
67.36946678161621
67.36946678161621
67.36946678161621
67.36946678161621
67.36946678161621
67.36946678161621
67.36946678161621
67.36946678161621
67.36946678161621
67.36946678161621
67.61793518066406
67.87112140655518
68.13301086425781
68.13301086425781
68.13301086425781
68.13301086425781
68.13301086425781
68.13301086425781
68.13301086425781
68.13301086425781
68.35750961303711
68.35750961303711
68.35750961303711
68.35750961303711
68.35750961303711
68.35750961303711
68.35750961303711
68.35750961303711
68.35750961303711
68.35750961303711
68.35750961303711
68.35750961303711
68.35750961303711
68.87855339050293
69.12066745758057
69.12066745758057
69.12066745758057
69.12066745758057
69.12066745758057
69.12066745758057
69.12066745758057
69.12066745758057
69.12066745758057
69.12066745758057
69.12066745758057
69.34094047546387
69.5973596572876
69.5973596572876
69.5973596572876
69.5973596572876
69.5973596572876
69.5973596572876
69.5973596572876
69.5973596572876
69.5973596572876
69.5973596572876
69.5973596572876
69.84184837341309
70.0760145187378
70.0760145187378
70.0760145187378
70.0760145187378
70.0760145187378
70.0760145187378
70.0760145187378
70.0760145187378
70.0760145187378
70.0760145187378
70.0760145187378
70.33194160461426
70.58517360687256
70.58517360687256
70.58517360687256
70.58517360687256
70.58517360687256
70.58517360687256
70.58517360687256
70.58517360687256
70.58517360687256
70.58517360687256
70.58517360687256
70.58517360687256
70.82315635681152
71.06692409515381
71.32208156585693
71.32208156585693
71.32208156585693
71.32208156585693
71.32208156585693
71.32208156585693
71.32208156585693
71.32208156585693
71.32208156585693
71.32208156585693
71.32208156585693
71.56622123718262
71.56622123718262
71.56622123718262
71.56622123718262
71.56622123718262
71.56622123718262
71.56622123718262
71.56622123718262
71.56622123718262
71.56622123718262
71.56622123718262
71.56622123718262
71.56622123718262
71.80657863616943
72.05788803100586
72.3053207397461
72.3053207397461
72.3053207397461
72.3053207397461
72.3053207397461
72.3053207397461
72.3053207397461
72.3053207397461
72.3053207397461
72.3053207397461
72.54857921600342
72.54857921600342
72.54857921600342
72.54857921600342
72.54857921600342
72.54857921600342
72.54857921600342
72.54857921600342
72.54857921600342
72.54857921600342
72.54857921600342
72.54857921600342
72.54857921600342
72.77131271362305
73.0455675125122
73.2896499633789
73.2896499633789
73.2896499633789
73.2896499633789
73.2896499633789
73.2896499633789
73.2896499633789
73.2896499633789
73.2896499633789
73.2896499633789
73.2896499633789
73.53021907806396
73.53021907806396
73.53021907806396
73.53021907806396
73.53021907806396
73.53021907806396
73.53021907806396
73.53021907806396
73.53021907806396
73.53021907806396
73.7853479385376
74.0365514755249
74.34176254272461
74.34176254272461
74.34176254272461
74.34176254272461
74.34176254272461
74.34176254272461
74.34176254272461
74.34176254272461
74.34176254272461
74.34176254272461
74.34176254272461
74.34176254272461
74.58602237701416
74.58602237701416
74.58602237701416
74.58602237701416
74.58602237701416
74.58602237701416
74.58602237701416
74.58602237701416
74.58602237701416
74.58602237701416
74.58602237701416
74.83204174041748
75.08582592010498
75.32625198364258
75.32625198364258
75.32625198364258
75.32625198364258
75.32625198364258
75.32625198364258
75.32625198364258
75.32625198364258
75.32625198364258
75.32625198364258
75.32625198364258
75.32625198364258
75.57259178161621
75.82445907592773
75.82445907592773
75.82445907592773
75.82445907592773
75.82445907592773
75.82445907592773
75.82445907592773
75.82445907592773
75.82445907592773
75.82445907592773
75.82445907592773
75.82445907592773
75.82445907592773
75.82445907592773
75.82445907592773
75.82445907592773
75.82445907592773
75.82445907592773
75.82445907592773
76.07345819473267
76.31316041946411
76.55921125411987
76.83581209182739
76.83581209182739
76.83581209182739
76.83581209182739
76.83581209182739
76.83581209182739
76.83581209182739
76.83581209182739
76.83581209182739
76.83581209182739
76.83581209182739
76.83581209182739
76.83581209182739
76.83581209182739
76.83581209182739
76.83581209182739
76.83581209182739
76.83581209182739
76.83581209182739
76.83581209182739
77.29890298843384
77.5555510520935
77.80578327178955
77.80578327178955
77.80578327178955
77.80578327178955
77.80578327178955
77.80578327178955
77.80578327178955
77.80578327178955
77.80578327178955
77.80578327178955
77.80578327178955
77.80578327178955
78.04616355895996
78.29216861724854
78.29216861724854
78.29216861724854
78.29216861724854
78.29216861724854
78.29216861724854
78.29216861724854
78.29216861724854
78.29216861724854
78.29216861724854
78.29216861724854
78.29216861724854
78.29216861724854
78.29216861724854
78.29216861724854
78.29216861724854
78.29216861724854
78.29216861724854
78.29216861724854
78.29216861724854
78.29216861724854
78.29216861724854
78.29216861724854
78.54586410522461
78.7941107749939
79.03484439849854
79.28341436386108
79.53635168075562
79.53635168075562
79.53635168075562
79.53635168075562
79.53635168075562
79.53635168075562
79.53635168075562
79.53635168075562
79.53635168075562
79.53635168075562
79.53635168075562
79.53635168075562
79.53635168075562
79.53635168075562
79.53635168075562
79.53635168075562
79.53635168075562
79.53635168075562
79.53635168075562
79.53635168075562
79.53635168075562
79.53635168075562
79.78010654449463
80.02270126342773
80.27519798278809
80.52070093154907
80.52070093154907
80.52070093154907
80.52070093154907
80.52070093154907
80.52070093154907
80.52070093154907
80.52070093154907
80.52070093154907
80.52070093154907
80.52070093154907
80.52070093154907
80.52070093154907
80.75865650177002
80.99026918411255
80.99026918411255
80.99026918411255
80.99026918411255
80.99026918411255
80.99026918411255
80.99026918411255
80.99026918411255
80.99026918411255
80.99026918411255
80.99026918411255
80.99026918411255
80.99026918411255
80.99026918411255
80.99026918411255
80.99026918411255
80.99026918411255
80.99026918411255
80.99026918411255
80.99026918411255
80.99026918411255
80.99026918411255
81.21895360946655
81.45714521408081
81.68604850769043
81.93809461593628
82.20472478866577
82.20472478866577
82.20472478866577
82.20472478866577
82.20472478866577
82.20472478866577
82.20472478866577
82.20472478866577
82.20472478866577
82.20472478866577
82.20472478866577
82.20472478866577
82.20472478866577
82.20472478866577
82.20472478866577
82.20472478866577
82.20472478866577
82.20472478866577
82.20472478866577
82.20472478866577
82.20472478866577
82.20472478866577
82.20472478866577
82.42141151428223
82.67375373840332
82.92630910873413
83.16463375091553
83.16463375091553
83.16463375091553
83.16463375091553
83.16463375091553
83.16463375091553
83.16463375091553
83.16463375091553
83.16463375091553
83.16463375091553
83.16463375091553
83.16463375091553
83.41360569000244
83.6654143333435
83.6654143333435
83.6654143333435
83.6654143333435
83.6654143333435
83.6654143333435
83.6654143333435
83.6654143333435
83.6654143333435
83.6654143333435
83.6654143333435
83.6654143333435
83.90643405914307
84.15444326400757
84.15444326400757
84.15444326400757
84.15444326400757
84.15444326400757
84.15444326400757
84.15444326400757
84.15444326400757
84.15444326400757
84.15444326400757
84.15444326400757
84.40539503097534
84.64890670776367
84.64890670776367
84.64890670776367
84.64890670776367
84.64890670776367
84.64890670776367
84.64890670776367
84.64890670776367
84.64890670776367
84.64890670776367
84.64890670776367
84.64890670776367
84.64890670776367
84.64890670776367
84.64890670776367
84.64890670776367
84.64890670776367
84.64890670776367
84.64890670776367
84.89355993270874
85.1454586982727
85.3923020362854
85.6339840888977
85.6339840888977
85.6339840888977
85.6339840888977
85.6339840888977
85.6339840888977
85.6339840888977
85.6339840888977
85.6339840888977
85.6339840888977
85.6339840888977
85.6339840888977
85.6339840888977
85.87960577011108
86.1111912727356
86.1111912727356
86.1111912727356
86.1111912727356
86.1111912727356
86.1111912727356
86.1111912727356
86.1111912727356
86.1111912727356
86.1111912727356
86.1111912727356
86.1111912727356
86.3801703453064
86.62111282348633
86.62111282348633
86.62111282348633
86.62111282348633
86.62111282348633
86.62111282348633
86.62111282348633
86.62111282348633
86.62111282348633
86.62111282348633
86.86461448669434
87.10223245620728
87.10223245620728
87.10223245620728
87.10223245620728
87.10223245620728
87.10223245620728
87.10223245620728
87.10223245620728
87.10223245620728
87.10223245620728
87.10223245620728
87.10223245620728
87.10223245620728
87.10223245620728
87.3660945892334
87.59970998764038
87.59970998764038
87.59970998764038
87.59970998764038
87.59970998764038
87.59970998764038
87.59970998764038
87.59970998764038
87.59970998764038
87.59970998764038
87.59970998764038
87.8569130897522
88.12785124778748
88.36828017234802
88.36828017234802
88.36828017234802
88.36828017234802
88.36828017234802
88.36828017234802
88.36828017234802
88.36828017234802
88.36828017234802
88.59149718284607
88.59149718284607
88.59149718284607
88.59149718284607
88.59149718284607
88.59149718284607
88.59149718284607
88.59149718284607
88.59149718284607
88.59149718284607
88.59149718284607
88.59149718284607
88.59149718284607
88.59149718284607
88.84110355377197
89.0892550945282
89.33045864105225
89.33045864105225
89.33045864105225
89.33045864105225
89.33045864105225
89.33045864105225
89.33045864105225
89.33045864105225
89.33045864105225
89.33045864105225
89.33045864105225
89.33045864105225
89.58054280281067
89.80821943283081
89.80821943283081
89.80821943283081
89.80821943283081
89.80821943283081
89.80821943283081
89.80821943283081
89.80821943283081
89.80821943283081
89.80821943283081
89.80821943283081
90.03064894676208
90.28253197669983
90.28253197669983
90.28253197669983
90.28253197669983
90.28253197669983
90.28253197669983
90.28253197669983
90.28253197669983
90.28253197669983
90.28253197669983
90.28253197669983
90.53596997261047
90.77915477752686
90.77915477752686
90.77915477752686
90.77915477752686
90.77915477752686
90.77915477752686
90.77915477752686
90.77915477752686
90.77915477752686
90.77915477752686
90.77915477752686
91.00034403800964
91.25680685043335
91.25680685043335
91.25680685043335
91.25680685043335
91.25680685043335
91.25680685043335
91.25680685043335
91.25680685043335
91.25680685043335
91.25680685043335
91.25680685043335
91.25680685043335
91.50279545783997
91.74139761924744
91.74139761924744
91.74139761924744
91.74139761924744
91.74139761924744
91.74139761924744
91.74139761924744
91.74139761924744
91.74139761924744
91.74139761924744
91.9902937412262
92.24388480186462
92.24388480186462
92.24388480186462
92.24388480186462
92.24388480186462
92.24388480186462
92.24388480186462
92.24388480186462
92.24388480186462
92.24388480186462
92.24388480186462
92.24388480186462
92.24388480186462
92.24388480186462
92.50982403755188
92.75000619888306
92.75000619888306
92.75000619888306
92.75000619888306
92.75000619888306
92.75000619888306
92.75000619888306
92.75000619888306
92.75000619888306
92.75000619888306
92.75000619888306
92.98252439498901
93.25518202781677
93.49789547920227
93.49789547920227
93.49789547920227
93.49789547920227
93.49789547920227
93.49789547920227
93.49789547920227
93.49789547920227
93.49789547920227
93.49789547920227
93.49789547920227
93.49789547920227
93.72264671325684
93.72264671325684
93.72264671325684
93.72264671325684
93.72264671325684
93.72264671325684
93.72264671325684
93.72264671325684
93.72264671325684
93.72264671325684
93.72264671325684
93.96775555610657
94.20378065109253
94.42878437042236
94.42878437042236
94.42878437042236
94.42878437042236
94.42878437042236
94.42878437042236
94.42878437042236
94.42878437042236
94.42878437042236
94.42878437042236
94.42878437042236
94.42878437042236
94.65910351276398
94.86602592468262
94.86602592468262
94.86602592468262
94.86602592468262
94.86602592468262
94.86602592468262
94.86602592468262
94.86602592468262
94.86602592468262
94.86602592468262
94.86602592468262
95.07307779788971
95.27567827701569
95.27567827701569
95.27567827701569
95.27567827701569
95.27567827701569
95.27567827701569
95.27567827701569
95.27567827701569
95.27567827701569
95.27567827701569
95.27567827701569
95.27567827701569
95.27567827701569
95.27567827701569
95.46497464179993
95.65745139122009
95.82063233852386
95.82063233852386
95.82063233852386
95.82063233852386
95.82063233852386
95.82063233852386
95.82063233852386
95.82063233852386
95.82063233852386
96.00662422180176
96.00662422180176
96.00662422180176
96.00662422180176
96.00662422180176
96.00662422180176
96.00662422180176
96.00662422180176
96.00662422180176
96.00662422180176
96.15938425064087
96.32527387142181
96.32527387142181
96.32527387142181
96.32527387142181
96.32527387142181
96.32527387142181
96.32527387142181
96.32527387142181
96.32527387142181
96.32527387142181
96.32527387142181
96.46012353897095
96.62650489807129
96.62650489807129
96.62650489807129
96.62650489807129
96.62650489807129
96.62650489807129
96.62650489807129
96.62650489807129
96.62650489807129
96.62650489807129
96.62650489807129
96.62650489807129
96.62650489807129
96.62650489807129
96.74857795238495
96.86507737636566
96.86507737636566
96.86507737636566
96.86507737636566
96.86507737636566
96.86507737636566
96.86507737636566
96.86507737636566
96.86507737636566
96.86507737636566
96.86507737636566
96.99681496620178
97.09796035289764
97.19828176498413
97.19828176498413
97.19828176498413
97.19828176498413
97.19828176498413
97.19828176498413
97.19828176498413
97.19828176498413
97.19828176498413
97.19828176498413
97.19828176498413
97.19828176498413
97.31542992591858
97.31542992591858
97.31542992591858
97.31542992591858
97.31542992591858
97.31542992591858
97.31542992591858
97.31542992591858
97.31542992591858
97.31542992591858
97.40153723955154
97.47448974847794
97.54918140172958
97.54918140172958
97.54918140172958
97.54918140172958
97.54918140172958
97.54918140172958
97.54918140172958
97.54918140172958
97.54918140172958
97.54918140172958
97.54918140172958
97.62623643875122
97.62623643875122
97.62623643875122
97.62623643875122
97.62623643875122
97.62623643875122
97.62623643875122
97.62623643875122
97.62623643875122
97.62623643875122
97.62623643875122
97.62623643875122
97.68642467260361
97.73113423585892
97.77265948057175
97.77265948057175
97.77265948057175
97.77265948057175
97.77265948057175
97.77265948057175
97.77265948057175
97.77265948057175
97.77265948057175
97.77265948057175
97.77265948057175
97.80713069438934
97.8364138007164
97.8364138007164
97.8364138007164
97.8364138007164
97.8364138007164
97.8364138007164
97.8364138007164
97.8364138007164
97.8364138007164
97.8364138007164
97.8364138007164
97.8633086681366
97.88586729764938
97.88586729764938
97.88586729764938
97.88586729764938
97.88586729764938
97.88586729764938
97.88586729764938
97.88586729764938
97.88586729764938
97.88586729764938
97.88586729764938
97.88586729764938
97.88586729764938
97.88586729764938
97.89868432283401
97.9033642411232
97.90509462356567
97.90509462356567
97.90509462356567
97.90509462356567
97.90509462356567
97.90509462356567
97.90509462356567
97.90509462356567
97.90509462356567
97.90563070774078
97.90563070774078
97.90563070774078
97.90563070774078
97.90563070774078
97.90563070774078
97.90563070774078
97.90563070774078
97.90563070774078
97.90563070774078
97.90563070774078
97.90563070774078
97.90563070774078
97.90591502189636
97.90629410743713
97.90657824277878
97.90657824277878
97.90657824277878
97.90657824277878
97.90657824277878
97.90657824277878
97.90657824277878
97.90698915719986
97.90698915719986
97.90698915719986
97.90698915719986
97.90698915719986
97.90698915719986
97.90698915719986
97.90698915719986
97.90698915719986
97.90698915719986
97.90698915719986
97.90698915719986
97.90698915719986
97.90698915719986
97.90698915719986
97.90698915719986
97.90698915719986
97.9077770113945
97.9081859588623
97.90850138664246
97.90916192531586
97.90916192531586
97.90916192531586
97.90916192531586
97.90916192531586
97.90916192531586
97.90916192531586
97.90916192531586
97.90916192531586
97.90916192531586
97.90972805023193
97.90972805023193
97.90972805023193
97.90972805023193
97.90972805023193
97.90972805023193
97.90972805023193
97.90972805023193
97.90972805023193
97.90972805023193
97.90972805023193
97.90972805023193
97.91032564640045
97.91086083650589
97.91130089759827
97.91130089759827
97.91130089759827
97.91130089759827
97.91130089759827
97.91130089759827
97.91130089759827
97.91130089759827
97.91130089759827
97.91130089759827
97.91130089759827
97.9116787314415
97.91202473640442
97.91202473640442
97.91202473640442
97.91202473640442
97.91202473640442
97.91202473640442
97.91202473640442
97.91202473640442
97.91202473640442
97.91202473640442
97.91202473640442
97.91202473640442
97.91202473640442
97.91202473640442
97.91202473640442
97.91202473640442
97.91202473640442
97.91202473640442
97.91202473640442
97.91202473640442
97.91202473640442
97.91202473640442
97.91233962774277
97.91259104013443
97.91278022527695
97.9130003452301
97.91318953037262
97.91318953037262
97.91318953037262
97.91318953037262
97.91318953037262
97.91318953037262
97.91318953037262
97.91318953037262
97.91318953037262
97.91318953037262
97.91318953037262
97.91318953037262
97.91318953037262
97.91318953037262
97.91318953037262
97.91318953037262
97.91318953037262
97.91318953037262
97.91318953037262
97.91318953037262
97.91318953037262
97.9133472442627
97.91350424289703
97.9136306643486
97.91378837823868
97.91378837823868
97.91378837823868
97.91378837823868
97.91378837823868
97.91378837823868
97.91378837823868
97.91378837823868
97.91391408443451
97.91391408443451
97.91391408443451
97.91391408443451
97.91391408443451
97.91391408443451
97.91391408443451
97.91391408443451
97.91391408443451
97.91391408443451
97.91391408443451
97.91391408443451
97.91391408443451
97.91391408443451
97.91391408443451
97.91391408443451
97.91391408443451
97.91391408443451
97.91397702693939
97.91413474082947
97.91422915458679
97.91432392597198
97.91432392597198
97.91432392597198
97.91432392597198
97.91432392597198
97.91432392597198
97.91432392597198
97.91432392597198
97.91432392597198
97.91432392597198
97.91432392597198
97.91432392597198
97.91432392597198
97.91432392597198
97.91432392597198
97.91432392597198
97.91432392597198
97.91432392597198
97.91438668966293
97.9143870472908
97.91444998979568
97.9145131111145
97.9145131111145
97.9145131111145
97.9145131111145
97.9145131111145
97.9145131111145
97.91451328992844
97.91460770368576
97.91460770368576
97.91460770368576
97.91460770368576
97.91460770368576
97.91460770368576
97.91460770368576
97.91460770368576
97.91460770368576
97.91460770368576
97.91460770368576
97.9146391749382
97.9146078824997
97.9146078824997
97.9146078824997
97.9146078824997
97.9146078824997
97.9146078824997
97.9146078824997
97.9146078824997
97.9146078824997
97.91463935375214
97.91467082500458
97.91467082500458
97.91467082500458
97.91467082500458
97.91467082500458
97.91467082500458
97.91467082500458
97.91470229625702
97.91470229625702
97.91470229625702
97.91470229625702
97.91470229625702
97.91470229625702
97.91470229625702
97.91470229625702
97.91467082500458
97.91470104455948
97.91470104455948
97.91470104455948
97.91470104455948
97.91466975212097
97.9146381020546
97.9146381020546
97.91466957330704
97.9146381020546
97.91466975212097
97.91466975212097
97.91466975212097
97.91466975212097
97.91466975212097
97.91466975212097
97.91466975212097
97.91466957330704
97.91466957330704
97.91466957330704
97.91466957330704
97.91466957330704
97.9146381020546
97.91466975212097
97.91466975212097
97.91466975212097
97.91466975212097
97.91466975212097
97.91463828086853
97.91463828086853
97.91463828086853
97.91463828086853
97.91466957330704
97.91460663080215
97.91460645198822
97.91460645198822
97.91460645198822
97.91460645198822
97.91460645198822
97.9146381020546
97.91460663080215
97.91460663080215
97.91460663080215
97.91460663080215
97.91460663080215
97.91463828086853
97.91463828086853
97.91463828086853
97.91466975212097
97.91466975212097
97.91470086574554
97.91470086574554
97.91470086574554
97.91466957330704
97.91466957330704
97.91466957330704
97.91466957330704
97.91463828086853
97.9146381020546
97.9146381020546
97.9146381020546
97.9146381020546
97.9146381020546
97.9146381020546
97.9146381020546
97.9146381020546
97.9146699309349
97.9146381020546
97.9146381020546
97.9146381020546
97.91466975212097
97.91466975212097
97.91466975212097
97.91466975212097
97.91466975212097
97.9146381020546
97.9146381020546
97.91460680961609
97.91460680961609
97.9146381020546
97.91466957330704
97.91466957330704
97.91466957330704
97.91466957330704
97.91466957330704
97.91466957330704
97.91466957330704
97.91463828086853
97.9146381020546
97.9146381020546
97.91460680961609
97.91460663080215
97.91460663080215
97.9146381020546
97.9146381020546
97.9146381020546
97.9146381020546
97.9146381020546
97.9146381020546
97.91460680961609
97.91466957330704
97.91466957330704
97.91466957330704
97.91466957330704
97.91466957330704
97.91466957330704
97.91466975212097
97.91466975212097
97.91466975212097
97.91466957330704
97.9146381020546
97.91466975212097
97.91466975212097
97.91466975212097
97.9146381020546
97.9146381020546
97.91466975212097
97.91466975212097
97.91466975212097
97.91460663080215
97.91460663080215
97.91460663080215
97.91460663080215
97.91460663080215
97.91460663080215
97.91460680961609
97.91466957330704
97.91466957330704
97.91466957330704
97.91466957330704
97.91466957330704
97.91466957330704
97.91460680961609
97.91460680961609
97.91460680961609
97.91460680961609
97.91463792324066
97.91466957330704
97.91466957330704
97.91466957330704
97.91466957330704
97.91466957330704
97.91466957330704
97.91466957330704
97.91466975212097
97.91466975212097
97.91466957330704
97.91466975212097
97.91466975212097
97.91466975212097
97.91466975212097
97.91466975212097
97.91466975212097
97.91466975212097
97.9146381020546
97.91463845968246
97.91463845968246
97.91463845968246
97.91463845968246
97.91463845968246
97.91463845968246
97.91466957330704
97.9146381020546
97.9146381020546
97.91466957330704
97.91470086574554
97.91470086574554
97.91470086574554
97.91470086574554
97.91470086574554
97.91463828086853
97.91470086574554
97.91470086574554
97.91470086574554
97.91470086574554
97.91466957330704
97.91460663080215
97.91460663080215
97.91460663080215
97.9146381020546
97.9146381020546
97.9146381020546
97.9146381020546
97.91470104455948
97.91466975212097
97.91460663080215
97.91460663080215
97.91460663080215
97.91460663080215
97.91460663080215
97.91460663080215
97.91460663080215
97.91460663080215
97.91466975212097
97.91466975212097
97.91466975212097
97.91466975212097
97.91466975212097
97.91466975212097
97.9146381020546
97.91466975212097
97.91466975212097
97.91466975212097
97.91466975212097
97.91470086574554
97.9146381020546
97.91466957330704
97.91466957330704
97.91466957330704
97.91460680961609
97.91460680961609
97.91460680961609
97.91460680961609
97.91460680961609
97.91460680961609
97.91460663080215
97.9146699309349
97.9146699309349
97.9146699309349
97.9146699309349
97.91470104455948
97.91466957330704
97.91466975212097
97.91466975212097
97.91466975212097
97.91466975212097
97.91463828086853
97.91463828086853
97.91463828086853
97.91463828086853
97.9146381020546
97.91460645198822
97.91460663080215
97.91460663080215
97.91460663080215
97.91460663080215
97.91463828086853
97.91463828086853
97.91463828086853
97.91463828086853
97.91466975212097
97.91460680961609
97.91466957330704
97.91466957330704
97.91466957330704
97.91466957330704
97.91466957330704
97.91466957330704
97.91466957330704
97.91466975212097
97.91460663080215
97.91460663080215
97.9146381020546
97.91466957330704
97.91466975212097
97.91466975212097
97.91466975212097
97.91466975212097
97.91466975212097
97.9146381020546
97.9146381020546
97.91466957330704
97.91466957330704
97.91466957330704
97.91466957330704
97.91463774442673
97.91463774442673
97.91463774442673
97.91463774442673
97.91463774442673
97.91466957330704
97.91460627317429
97.91466957330704
97.91466957330704
97.91466957330704
97.91466957330704
97.91466957330704
97.91466957330704
97.91466957330704
97.91463828086853
97.91463828086853
97.91463828086853
97.91463828086853
97.91466957330704
97.91463828086853
97.91463828086853
97.91463828086853
97.91463828086853
97.91466957330704
97.91463845968246
97.91463845968246
97.91463845968246
97.91463845968246
97.91463845968246
97.91463845968246
97.91466957330704
97.91466975212097
97.91466975212097
97.91466975212097
97.91466975212097
97.91466957330704
97.91466957330704
97.91466957330704
97.91466957330704
97.91466957330704
97.91466957330704
97.91466975212097
97.91466957330704
97.91466957330704
97.91466957330704
97.9146381020546
97.9146381020546
97.9146381020546
97.9146381020546
97.9146381020546
97.91463828086853
97.91460680961609
97.91460680961609
97.91460680961609
97.91460680961609
97.91460680961609
97.91460680961609
97.91466957330704
97.9146693944931
97.9146693944931
97.9146693944931
97.9146693944931
97.9146693944931
97.9146381020546
97.91466975212097
97.91466975212097
97.91466975212097
97.91466975212097
97.91466975212097
97.91460680961609
97.91460680961609
97.91460680961609
97.91460680961609
97.91460645198822
97.91466957330704
97.91466957330704
97.91466957330704
97.9146381020546
97.91466957330704
97.91466957330704
97.91466957330704
97.91466957330704
97.91466957330704
97.91470104455948
97.9146381020546
97.9146381020546
97.9146381020546
97.9146381020546
97.9146381020546
97.9146699309349
97.91466975212097
97.91466975212097
97.91466975212097
97.91466975212097
97.91466975212097
97.91466975212097
97.9146381020546
97.9146381020546
97.9146381020546
97.91466957330704
97.91463828086853
97.9146699309349
97.9146699309349
97.9146699309349
97.9146699309349
97.91466975212097
97.91466975212097
97.91466957330704
97.91466957330704
97.91466957330704
97.91466957330704
97.91466957330704
97.91466957330704
97.9146699309349
97.91466957330704
97.91466957330704
97.91466957330704
97.91460663080215
97.91470086574554
97.91470086574554
97.91470086574554
97.91470086574554
97.91470086574554
97.91470086574554
97.91460680961609
97.91460698843002
97.9146381020546
97.9146381020546
97.9146381020546
97.9146381020546
97.9146381020546
97.9146381020546
97.91466975212097
97.91470086574554
97.91470086574554
97.91470086574554
97.91470086574554
97.91470086574554
97.91470086574554
97.91460663080215
97.91466957330704
97.91466957330704
97.91466957330704
97.91466957330704
97.9146381020546
97.91460645198822
97.91460645198822
97.91460645198822
97.91460645198822
97.91460645198822
97.91460680961609
97.9146381020546
97.9146699309349
97.9146699309349
97.9146699309349
97.9146699309349
97.9146699309349
97.9146699309349
97.91466975212097
97.91460680961609
97.91460680961609
97.91460680961609
97.91460680961609
97.91460680961609
97.91460680961609
97.91460680961609
97.91460680961609
97.91460663080215
97.91470086574554
97.91470086574554
97.91470086574554
97.91470086574554
97.91470086574554
97.91463828086853
97.91466957330704
97.91466957330704
97.91466957330704
97.91466957330704
97.91466957330704
97.91466957330704
97.91466957330704
97.91466957330704
97.91470086574554
97.91470104455948
97.91470104455948
97.91470104455948
97.91470104455948
97.91470104455948
97.91470104455948
97.9146699309349
97.9146699309349
97.91460680961609
97.91466975212097
97.91466957330704
97.91466957330704
97.91466957330704
97.91466957330704
97.91460663080215
97.91460663080215
97.91460663080215
97.91463792324066
97.91466957330704
97.91460680961609
97.91460680961609
97.91460680961609
97.91460680961609
97.91460680961609
97.91460663080215
97.9146381020546
97.9146381020546
97.9146381020546
97.9146381020546
97.9146381020546
97.91460680961609
97.91460663080215
97.91460663080215
97.91460663080215
97.91460663080215
97.91460663080215
97.91466975212097
97.91460663080215
97.91460663080215
97.91460663080215
97.91470086574554
97.91470086574554
97.91470086574554
97.91463828086853
97.91460680961609
97.91460680961609
97.91460680961609
